,agreement,business,chicago,city,consultant,contract,contractor,date,department,may,mbe,must,name,order,required,section,services,shall,wbe,work,Contract Type
0,271,20,69,321,1,32,10,43,30,65,4,174,37,8,30,47,63,5,4,40,Delegate Agency
1,126,3,44,181,0,17,209,9,69,44,1,57,26,11,8,14,33,2,0,27,Delegate Agency
2,22,2,16,35,0,19,0,14,13,8,0,6,20,1,1,1,22,2,0,0,Delegate Agency
3,150,4,37,177,0,24,222,14,70,44,2,73,26,14,8,11,25,3,0,20,Delegate Agency
4,285,47,71,406,2,56,10,47,55,84,3,173,52,12,38,81,134,17,3,32,Delegate Agency
5,155,11,35,208,1,34,8,31,64,59,2,106,45,11,12,28,20,5,1,34,Delegate Agency
6,12,0,35,24,0,8,0,7,8,4,0,12,15,0,4,1,18,0,0,30,Delegate Agency
7,144,7,38,213,0,27,42,16,71,40,1,83,77,10,63,17,64,3,0,32,Delegate Agency
8,12,0,2,13,0,2,8,4,4,1,0,2,1,1,0,1,6,1,0,0,Delegate Agency
9,24,15,8,35,0,21,2,17,16,8,0,12,17,0,1,1,14,1,0,5,Delegate Agency
10,276,27,70,350,1,39,13,41,30,68,4,175,52,9,33,55,116,8,3,37,Delegate Agency
11,28,1,19,36,0,12,0,13,20,9,0,37,28,1,8,1,23,2,0,1,Delegate Agency
12,385,54,67,426,2,38,446,51,35,102,1,249,34,32,51,78,182,6,1,24,Delegate Agency
13,162,10,47,248,1,31,7,26,65,63,2,108,38,10,6,35,22,5,1,27,Delegate Agency
14,26,1,9,21,0,5,0,12,15,11,0,5,5,0,1,1,18,0,0,2,Delegate Agency
15,12,1,12,20,0,10,3,8,9,4,0,23,8,1,6,1,28,2,0,28,Delegate Agency
16,23,16,32,34,0,10,1,12,13,6,0,7,10,1,1,4,34,4,0,6,Delegate Agency
17,9,0,10,19,0,12,0,11,5,6,0,5,17,0,2,1,19,0,0,2,Delegate Agency
18,25,2,16,35,0,14,2,17,13,7,0,9,13,0,1,1,14,1,0,11,Delegate Agency
19,24,0,9,28,0,5,0,10,16,10,0,4,6,0,1,1,14,1,0,2,Delegate Agency
20,22,1,16,21,0,7,0,9,8,9,0,5,3,0,3,1,10,1,0,1,Delegate Agency
21,145,3,49,174,0,26,223,17,71,56,2,72,19,11,14,13,52,2,0,36,Delegate Agency
22,277,31,57,356,1,35,9,45,33,65,4,174,41,8,34,56,91,9,4,40,Delegate Agency
23,254,19,36,273,0,18,289,26,34,52,4,146,19,9,29,39,107,2,3,35,Delegate Agency
24,0,0,1,0,0,0,0,0,1,0,0,0,1,0,0,0,1,0,0,0,Delegate Agency
25,6,1,4,7,0,1,1,4,4,0,0,1,4,0,0,1,3,0,0,3,Delegate Agency
26,2,0,4,8,0,19,4,6,36,1,0,3,23,9,0,0,15,0,0,0,Delegate Agency
27,23,6,11,40,0,19,1,16,21,7,0,10,16,0,0,1,20,1,0,15,Delegate Agency
28,258,24,34,273,0,22,292,26,33,51,5,146,17,9,31,40,115,1,5,41,Delegate Agency
29,23,0,13,35,0,21,1,11,20,7,0,10,15,1,1,1,16,1,0,12,Delegate Agency
30,24,0,8,37,0,23,0,13,27,7,0,4,23,5,0,0,23,1,0,2,Delegate Agency
31,157,49,147,319,2,73,42,43,122,64,2,133,85,19,18,34,94,7,1,39,Delegate Agency
32,22,13,9,32,0,16,2,18,12,5,0,13,19,0,2,2,14,1,0,5,Delegate Agency
33,32,0,42,47,0,19,0,12,43,10,0,17,28,0,11,1,51,0,0,31,Delegate Agency
34,154,10,27,216,0,24,42,15,65,42,2,83,20,9,19,17,80,3,1,21,Delegate Agency
35,24,0,6,24,0,3,0,6,19,9,0,5,7,1,1,1,14,1,0,2,Delegate Agency
36,174,32,28,299,1,48,5,28,84,66,1,89,44,13,24,47,77,9,0,26,Delegate Agency
37,50,3,19,69,0,16,2,9,13,10,0,19,19,7,5,29,9,15,0,1,Delegate Agency
38,9,0,30,17,0,15,0,10,24,4,0,19,25,0,12,3,49,0,0,22,Delegate Agency
39,146,5,23,196,0,16,227,12,74,44,2,68,19,11,11,14,36,2,0,31,Delegate Agency
40,23,0,27,45,0,14,0,7,62,7,0,17,19,2,1,1,59,1,0,3,Delegate Agency
41,263,57,43,312,0,53,11,26,102,102,1,156,20,37,71,73,274,41,1,47,Delegate Agency
42,273,19,24,349,0,38,7,27,83,77,0,118,17,28,40,46,120,28,0,28,Delegate Agency
43,160,5,52,270,1,44,8,33,67,61,1,105,48,12,7,33,39,7,0,32,Delegate Agency
44,28,1,25,29,0,10,0,9,16,6,0,20,24,2,9,2,21,4,0,5,Delegate Agency
45,180,31,24,307,3,48,5,27,89,68,1,119,35,15,32,47,87,9,1,31,Delegate Agency
46,196,55,53,331,1,51,7,38,77,72,0,115,42,16,35,48,111,9,0,31,Delegate Agency
47,278,21,30,357,0,42,8,32,89,91,2,134,29,28,50,54,130,62,2,37,Delegate Agency
48,28,2,36,20,0,3,1,21,29,11,0,13,25,2,3,19,39,10,0,14,Delegate Agency
49,29,1,16,25,0,10,0,13,31,15,0,8,7,14,6,4,73,1,0,4,Delegate Agency
50,280,17,22,316,0,27,8,30,38,65,4,153,14,13,19,45,97,12,5,24,Delegate Agency
51,24,0,11,37,0,18,1,11,35,11,0,12,19,1,0,1,25,1,0,13,Delegate Agency
52,207,16,26,262,0,33,4,17,69,60,0,79,14,15,26,42,112,15,1,18,Delegate Agency
53,7,1,10,23,0,9,0,6,7,2,0,9,13,2,4,1,18,0,0,19,Delegate Agency
54,20,0,15,27,0,12,1,12,27,14,0,26,12,2,5,4,61,3,0,1,Delegate Agency
55,244,15,21,292,3,22,97,21,60,67,1,67,11,12,23,57,93,81,1,24,Delegate Agency
56,64,114,15,120,0,8,0,16,36,26,0,44,13,2,20,25,74,20,0,5,Delegate Agency
57,14,0,21,19,0,12,0,13,14,12,0,12,21,2,3,3,24,2,0,7,Delegate Agency
58,2,0,4,5,0,18,4,5,9,1,0,1,2,2,0,0,10,0,0,0,Delegate Agency
59,11,0,16,34,0,18,0,13,14,4,0,6,26,6,3,1,19,0,0,3,Delegate Agency
60,7,1,10,20,0,4,0,8,6,5,0,6,8,0,2,1,17,0,0,18,Delegate Agency
61,25,0,18,40,0,19,2,19,19,6,0,11,19,1,1,1,24,6,0,5,Delegate Agency
62,22,1,11,22,0,5,0,9,10,10,0,5,7,0,2,1,11,1,0,1,Delegate Agency
63,23,10,8,28,0,17,2,15,13,5,0,5,17,0,1,1,13,1,0,3,Delegate Agency
64,201,21,22,269,0,51,6,22,77,69,0,89,22,16,29,44,128,31,0,17,Delegate Agency
65,8,0,11,17,2,11,1,15,12,7,0,8,16,1,3,1,14,0,0,6,Delegate Agency
66,31,4,15,41,0,11,0,12,28,6,0,16,23,1,2,1,51,1,0,19,Delegate Agency
67,10,0,11,12,0,7,0,5,7,0,0,5,9,0,0,1,6,0,0,2,Delegate Agency
68,39,1,8,31,0,15,0,23,25,8,0,15,24,0,1,4,23,0,0,2,Delegate Agency
69,22,0,9,30,0,11,4,5,8,7,0,27,9,1,1,1,26,1,0,21,Delegate Agency
70,95,5,28,85,0,3,84,12,12,20,0,12,13,5,10,34,34,18,0,20,Delegate Agency
71,26,1,5,25,0,7,0,11,16,10,0,6,7,0,1,1,20,0,0,2,Delegate Agency
72,26,8,8,33,0,17,2,17,11,6,0,14,23,2,4,2,14,1,0,3,Delegate Agency
73,22,0,11,32,0,10,0,7,19,9,0,11,15,1,1,1,21,1,0,9,Delegate Agency
74,268,14,58,210,1,89,7,39,86,82,2,154,30,9,12,42,32,14,2,14,Delegate Agency
75,179,16,75,301,1,57,7,31,134,93,2,155,88,17,17,39,128,5,1,68,Delegate Agency
76,28,0,11,29,0,15,0,15,28,19,0,11,18,0,9,5,80,4,0,9,Delegate Agency
77,138,3,29,190,0,22,33,14,62,41,2,83,15,10,5,16,27,3,1,20,Delegate Agency
78,185,54,41,307,1,46,7,30,71,69,0,119,43,16,32,44,73,8,0,31,Delegate Agency
79,236,20,32,277,0,62,194,45,76,106,2,320,22,20,37,41,215,30,2,36,Delegate Agency
80,175,20,23,265,0,33,5,26,75,57,1,98,17,14,26,31,91,10,1,33,Delegate Agency
81,19,0,4,22,0,5,0,9,9,6,0,7,12,0,2,0,10,1,0,1,Delegate Agency
82,110,1,33,104,2,50,5,13,57,56,2,71,44,8,2,17,6,7,1,8,Delegate Agency
83,7,0,2,7,0,7,8,5,8,0,0,4,11,2,0,0,5,0,0,6,Delegate Agency
84,10,0,7,14,0,5,0,5,9,0,0,6,13,0,0,0,9,0,0,2,Delegate Agency
85,226,37,61,365,1,71,7,47,278,85,1,171,36,23,44,80,181,32,1,36,Delegate Agency
86,30,0,36,39,0,18,0,14,20,7,0,5,23,2,5,1,45,0,0,2,Delegate Agency
87,129,48,71,223,1,43,139,30,78,43,0,131,54,13,16,38,87,5,0,33,Delegate Agency
88,32,0,34,37,0,10,0,12,42,9,0,21,24,0,10,1,49,0,0,25,Delegate Agency
89,25,1,14,43,0,21,0,5,30,11,0,36,24,3,10,2,37,1,0,11,Delegate Agency
90,206,25,38,286,0,44,32,29,133,91,1,146,20,27,43,54,217,29,1,51,Delegate Agency
91,156,22,15,182,0,22,214,17,82,58,1,50,6,12,17,21,159,73,0,15,Delegate Agency
92,25,2,6,40,0,2,3,5,5,9,0,4,3,0,7,19,16,10,0,0,Delegate Agency
93,201,32,44,336,4,62,7,30,91,68,0,100,55,15,25,52,83,9,0,30,Delegate Agency
94,26,0,24,28,0,6,0,10,9,7,0,4,8,1,1,0,15,2,0,1,Delegate Agency
95,32,0,33,38,0,12,0,11,41,10,0,18,20,0,10,1,49,0,0,24,Delegate Agency
96,199,16,23,261,0,26,4,25,68,62,0,83,13,15,25,39,119,14,0,21,Delegate Agency
97,32,0,24,35,0,11,0,15,40,9,0,19,20,0,10,1,45,0,0,23,Delegate Agency
98,38,9,19,21,0,5,3,6,15,25,0,49,3,3,23,14,151,1,0,22,Delegate Agency
99,20,1,7,22,0,7,0,10,9,10,0,5,5,0,5,1,12,1,0,1,Delegate Agency
100,20,0,26,24,0,5,0,9,10,9,0,4,8,1,1,1,12,1,0,2,Delegate Agency
101,23,1,18,34,0,8,0,17,15,6,0,10,14,0,3,1,27,1,0,6,Delegate Agency
102,30,0,16,35,0,18,0,10,21,7,0,12,26,0,1,1,30,0,0,2,Delegate Agency
103,24,0,36,36,0,8,0,12,15,15,0,27,14,0,4,1,28,1,0,44,Delegate Agency
104,175,7,49,183,0,45,346,24,66,74,2,165,25,32,14,81,35,17,0,47,Delegate Agency
105,7,1,15,19,0,5,0,12,9,2,0,7,7,0,3,1,11,0,0,7,Delegate Agency
106,231,15,27,275,0,30,5,23,81,66,0,106,20,20,29,36,111,17,0,30,Delegate Agency
107,27,1,15,33,0,13,0,11,20,10,0,38,31,1,8,1,20,2,0,1,Delegate Agency
108,149,10,36,219,0,24,43,13,69,43,2,82,16,9,19,17,83,2,1,25,Delegate Agency
109,22,12,9,38,0,24,1,13,19,6,0,6,15,0,2,1,20,1,0,15,Delegate Agency
110,195,15,39,281,1,31,5,28,85,66,0,123,29,16,38,38,127,9,0,63,Delegate Agency
111,24,1,19,28,0,4,0,11,8,10,0,4,4,0,2,0,11,2,0,1,Delegate Agency
112,269,34,62,344,5,51,5,58,72,87,0,146,53,26,41,57,223,34,0,54,Delegate Agency
113,3,0,31,15,0,21,5,6,28,0,0,10,36,7,15,1,19,0,0,3,Delegate Agency
114,0,0,1,0,0,0,0,2,1,0,0,1,2,1,0,0,1,0,0,0,Delegate Agency
115,151,8,85,243,0,39,275,31,63,49,2,84,18,12,15,24,118,8,2,11,Delegate Agency
116,26,1,12,36,0,15,0,11,19,11,0,50,30,1,11,1,27,2,0,3,Delegate Agency
117,11,1,3,6,0,4,6,5,5,1,0,3,5,1,0,1,3,0,0,3,Delegate Agency
118,9,0,3,5,0,3,7,9,10,0,0,2,11,5,1,1,9,5,0,0,Delegate Agency
119,22,1,19,22,0,7,0,11,21,10,0,18,19,0,11,1,40,1,0,14,Delegate Agency
120,7,0,18,19,0,5,0,10,12,7,0,6,11,0,4,1,14,0,0,3,Delegate Agency
121,4,0,12,7,0,7,18,3,7,4,0,1,4,2,0,0,9,0,0,2,Delegate Agency
122,29,1,15,31,0,3,0,11,4,7,0,20,8,0,8,2,14,4,0,4,Delegate Agency
123,212,39,36,355,1,67,5,39,267,85,1,162,39,23,41,80,180,34,1,29,Delegate Agency
124,26,0,8,39,0,23,1,15,29,8,0,14,17,0,1,1,35,1,0,16,Delegate Agency
125,26,1,16,26,0,13,0,12,25,24,0,20,11,0,6,6,66,5,0,6,Delegate Agency
126,24,0,13,31,0,12,0,15,20,10,0,11,22,0,8,2,41,1,0,15,Delegate Agency
127,25,0,29,39,0,15,0,12,24,9,0,11,19,0,2,1,18,0,0,7,Delegate Agency
128,24,4,18,26,0,10,1,13,20,14,0,37,11,3,11,6,84,6,0,3,Delegate Agency
129,22,0,18,33,0,13,1,14,18,15,0,20,15,3,5,4,58,3,0,1,Delegate Agency
130,28,1,19,37,0,11,0,13,20,9,0,49,31,1,11,1,27,2,0,3,Delegate Agency
131,29,1,21,46,0,22,14,15,23,16,0,8,23,0,4,1,25,1,0,6,Delegate Agency
132,27,1,18,32,0,13,0,11,18,10,0,37,25,1,7,1,24,2,0,1,Delegate Agency
133,148,26,13,225,0,27,4,17,70,53,0,70,13,13,16,30,62,6,0,24,Delegate Agency
134,25,0,8,38,0,20,1,12,30,6,0,12,15,0,0,1,18,1,0,16,Delegate Agency
135,21,1,10,20,0,3,1,11,8,5,0,4,4,0,1,1,9,1,0,2,Delegate Agency
136,2,0,4,7,0,19,5,5,8,1,0,3,1,2,0,0,8,0,0,0,Delegate Agency
137,23,1,9,21,0,9,0,10,17,17,0,18,7,0,4,8,68,5,0,3,Delegate Agency
138,327,32,33,337,0,26,8,30,43,68,3,155,19,16,36,46,139,14,2,45,Delegate Agency
139,161,18,37,258,1,32,6,27,70,57,2,106,40,9,13,36,23,4,1,33,Delegate Agency
140,16,0,19,15,1,12,0,19,14,6,0,3,24,3,2,1,36,1,0,6,Delegate Agency
141,186,15,26,267,0,39,5,31,97,57,2,102,28,14,30,36,99,16,1,34,Delegate Agency
142,7,0,24,26,0,15,1,10,24,10,0,29,19,2,6,5,63,5,0,4,Delegate Agency
143,38,4,19,26,0,16,1,20,26,21,0,38,18,3,13,8,99,6,0,3,Delegate Agency
144,24,0,8,25,0,4,0,8,17,9,0,4,11,0,1,1,12,1,0,2,Delegate Agency
145,28,9,19,12,0,6,4,3,14,26,0,41,3,4,21,13,149,1,0,18,Delegate Agency
146,268,35,35,284,1,43,8,35,43,78,3,174,37,12,6,47,43,10,2,44,Delegate Agency
147,8,5,18,17,0,15,1,13,12,3,0,1,12,0,0,2,4,0,0,2,Delegate Agency
148,147,10,38,222,0,25,43,19,68,42,2,86,23,10,19,18,65,7,1,36,Delegate Agency
149,23,1,23,30,0,14,0,16,21,9,0,20,20,0,13,2,45,1,0,17,Delegate Agency
150,275,21,29,305,0,57,8,28,125,98,1,105,21,27,48,65,223,41,1,38,Delegate Agency
151,24,1,32,24,0,14,0,14,25,7,0,19,22,0,10,2,46,1,0,19,Delegate Agency
152,32,2,35,26,0,10,3,18,25,14,0,13,7,0,8,1,21,11,0,7,Delegate Agency
153,7,1,19,18,0,4,0,14,9,3,0,6,11,0,3,1,13,0,0,6,Delegate Agency
154,17,0,28,30,0,10,1,8,24,5,0,6,33,1,12,1,27,0,0,17,Delegate Agency
155,30,1,15,31,0,5,0,12,12,5,0,20,20,1,8,2,24,4,0,5,Delegate Agency
156,30,0,15,31,0,9,0,12,14,9,0,4,20,2,3,0,58,0,0,4,Delegate Agency
157,289,25,26,316,0,27,8,32,38,66,1,150,16,12,31,45,134,14,1,27,Delegate Agency
158,4,1,3,5,0,12,5,1,3,0,0,1,0,1,0,1,3,0,0,0,Delegate Agency
159,20,1,12,31,0,8,0,12,20,6,0,11,18,0,3,1,21,1,0,17,Delegate Agency
160,148,3,24,194,0,18,224,10,71,43,2,65,15,12,11,13,43,2,0,27,Delegate Agency
161,193,53,49,345,1,55,6,34,82,67,1,124,56,16,34,46,127,9,1,29,Delegate Agency
162,29,1,9,31,0,7,0,12,14,6,0,4,14,0,2,1,26,0,0,4,Delegate Agency
163,10,0,20,19,0,6,0,9,9,2,0,9,17,0,4,1,10,0,0,30,Delegate Agency
164,28,3,13,30,0,5,0,11,5,12,0,20,8,0,9,2,14,4,0,4,Delegate Agency
165,25,0,19,46,0,16,0,13,30,8,0,23,28,2,7,2,38,0,0,17,Delegate Agency
166,24,0,7,27,0,5,0,7,16,7,0,4,7,1,1,1,13,1,0,1,Delegate Agency
167,29,1,13,35,0,10,0,9,19,9,0,36,29,1,8,1,23,2,0,1,Delegate Agency
168,27,43,37,107,1,28,20,25,16,19,0,38,39,5,9,20,29,8,0,4,Delegate Agency
169,296,31,23,263,0,30,9,29,36,71,0,153,27,11,30,51,121,12,2,19,Delegate Agency
170,291,70,49,376,1,51,11,53,38,71,0,186,45,13,24,54,76,11,0,52,Delegate Agency
171,26,0,29,48,0,26,0,11,32,8,0,20,25,1,6,2,17,0,0,10,Delegate Agency
172,145,9,35,105,2,40,6,27,61,52,1,99,34,10,2,13,4,5,1,11,Delegate Agency
173,27,4,14,26,0,11,1,16,28,14,0,38,17,3,11,6,79,5,0,7,Delegate Agency
174,20,1,3,22,0,5,1,8,7,11,0,5,5,0,3,1,9,1,0,1,Delegate Agency
175,27,1,40,51,0,28,1,20,25,15,0,9,28,4,10,1,34,0,0,4,Delegate Agency
176,23,1,9,21,0,3,0,11,9,5,0,4,4,0,1,1,10,1,0,1,Delegate Agency
177,8,0,12,21,0,9,0,12,15,2,0,9,20,1,1,1,21,0,0,4,Delegate Agency
178,21,1,7,22,0,5,1,10,7,10,0,5,5,0,3,1,9,1,0,1,Delegate Agency
179,11,0,37,27,0,7,0,7,10,5,0,13,18,0,4,1,13,0,0,30,Delegate Agency
180,25,1,29,27,0,16,0,13,27,7,0,18,24,0,11,2,51,1,0,21,Delegate Agency
181,28,1,19,26,0,14,0,13,29,13,0,9,12,13,4,9,77,1,0,3,Delegate Agency
182,146,35,20,228,0,26,37,20,42,42,1,74,24,9,17,17,71,2,0,33,Delegate Agency
183,24,1,7,23,0,6,0,11,7,10,0,5,5,0,2,1,9,1,0,1,Delegate Agency
184,28,0,16,31,0,19,1,13,33,15,0,32,18,2,6,5,64,2,0,7,Delegate Agency
185,210,38,46,359,1,91,8,46,278,84,0,155,54,23,37,82,173,31,0,28,Delegate Agency
186,177,48,46,290,1,30,7,30,67,58,2,108,53,9,29,41,86,5,0,35,Delegate Agency
187,27,0,34,46,0,8,0,12,43,14,0,21,20,3,12,1,39,2,0,41,Delegate Agency
188,24,0,34,33,0,4,0,13,13,12,0,25,14,0,5,1,19,1,0,39,Delegate Agency
189,57,91,13,111,0,22,0,14,26,16,0,28,18,4,12,17,16,16,0,3,Delegate Agency
190,29,1,16,29,0,8,0,9,20,6,0,14,21,0,3,2,23,0,0,6,Delegate Agency
191,24,1,20,19,0,8,2,7,6,10,0,13,6,5,7,8,11,3,0,3,Delegate Agency
192,10,1,10,10,0,5,1,8,4,7,0,3,6,0,3,1,16,1,0,2,Delegate Agency
193,103,3,16,95,0,19,2,24,29,21,0,41,24,9,18,26,71,14,0,15,Delegate Agency
194,68,1,14,51,0,8,6,19,22,11,0,32,11,9,16,35,32,12,0,9,Delegate Agency
195,39,0,19,61,1,25,2,11,21,4,0,3,25,7,1,12,31,4,0,1,Delegate Agency
196,28,1,14,32,0,3,0,7,4,7,0,20,6,0,8,2,14,4,0,4,Delegate Agency
197,20,2,9,41,0,18,1,9,20,5,0,12,21,1,1,1,21,1,0,9,Delegate Agency
198,141,4,32,123,0,24,213,15,66,49,1,78,18,12,5,7,31,2,0,26,Delegate Agency
199,28,1,16,24,0,8,0,11,32,9,0,7,10,3,6,6,66,1,0,3,Delegate Agency
200,23,1,17,31,0,8,0,17,13,7,0,6,11,0,3,1,16,1,0,6,Delegate Agency
201,38,1,12,32,0,12,0,20,18,13,0,8,17,1,3,4,40,0,0,2,Delegate Agency
202,163,36,95,300,1,61,8,39,105,76,2,128,133,25,85,43,105,9,1,55,Delegate Agency
203,168,13,30,257,0,36,5,24,80,53,1,95,25,14,29,32,93,10,1,35,Delegate Agency
204,13,3,16,11,0,6,6,6,13,8,0,23,10,1,15,3,54,2,0,21,Delegate Agency
205,224,49,30,387,1,46,12,41,94,100,0,133,27,37,36,74,196,30,0,36,Delegate Agency
206,158,4,32,195,1,50,6,34,74,66,1,110,48,15,18,27,23,10,1,28,Delegate Agency
207,142,3,35,163,0,25,222,15,65,52,2,73,21,14,5,11,21,3,0,33,Delegate Agency
208,155,24,47,278,1,35,8,28,67,58,1,101,44,12,11,33,21,5,1,33,Delegate Agency
209,149,34,36,240,1,55,266,19,64,54,2,79,63,18,18,20,8,25,0,42,Delegate Agency
210,190,77,59,327,1,51,7,35,85,77,0,127,55,16,34,50,84,15,0,59,Delegate Agency
211,29,1,18,27,0,12,0,11,22,15,0,21,12,1,4,6,73,6,0,5,Delegate Agency
212,19,0,5,28,0,5,1,5,11,3,0,5,11,3,1,2,16,0,0,0,Delegate Agency
213,21,17,9,35,0,17,1,11,18,6,0,8,17,0,0,1,20,1,0,17,Delegate Agency
214,23,0,36,34,0,10,0,13,14,13,0,26,15,0,5,1,21,1,0,39,Delegate Agency
215,161,19,43,250,1,32,7,25,71,65,2,112,50,10,11,40,21,5,0,30,Delegate Agency
216,25,12,15,38,0,24,2,16,19,7,1,8,18,0,4,1,25,1,0,12,Delegate Agency
217,22,1,13,36,0,15,0,9,20,6,0,4,17,0,0,1,21,1,0,2,Delegate Agency
218,264,59,47,298,0,45,10,27,99,104,1,153,12,36,72,73,284,41,1,50,Delegate Agency
219,35,0,13,41,0,10,0,9,3,4,0,3,4,7,1,12,18,6,0,0,Delegate Agency
220,25,0,15,38,0,14,0,10,32,9,0,19,24,0,14,3,51,0,0,22,Delegate Agency
221,23,21,9,33,0,17,2,14,18,7,0,15,15,0,1,1,13,1,0,11,Delegate Agency
222,27,1,25,28,2,5,0,23,26,8,0,8,27,0,3,1,42,0,0,11,Delegate Agency
223,29,0,18,31,2,15,0,22,18,9,0,8,21,2,2,1,48,0,0,9,Delegate Agency
224,28,1,17,37,0,12,0,12,19,10,0,36,24,1,8,1,17,2,0,1,Delegate Agency
225,300,19,60,338,0,32,8,33,37,71,1,168,17,16,48,45,144,27,0,46,Delegate Agency
226,5,0,8,14,0,14,1,8,14,0,0,2,26,6,0,1,22,0,0,0,Delegate Agency
227,21,0,6,19,0,11,1,10,8,10,0,5,7,1,1,1,11,1,0,4,Delegate Agency
228,7,4,16,14,1,4,0,8,7,3,0,12,7,0,2,1,20,0,0,16,Delegate Agency
229,278,32,30,310,1,41,9,40,44,72,2,143,32,10,32,59,135,13,1,35,Delegate Agency
230,278,35,63,357,1,39,9,44,34,67,4,173,48,10,34,53,119,7,4,35,Delegate Agency
231,21,1,48,34,0,9,4,14,16,13,0,29,8,3,8,2,38,14,0,46,Delegate Agency
232,26,0,16,34,0,13,2,12,33,17,0,24,16,3,5,5,70,3,0,2,Delegate Agency
233,10,0,23,17,0,8,0,5,9,3,0,10,16,0,4,1,22,0,0,29,Delegate Agency
234,172,32,61,351,1,81,9,29,74,69,2,99,60,13,17,48,67,12,2,12,Delegate Agency
235,24,0,5,27,0,6,0,6,17,7,0,4,5,1,1,1,12,1,0,2,Delegate Agency
236,23,0,13,38,0,14,0,11,28,13,0,17,18,0,8,2,12,1,0,10,Delegate Agency
237,42,109,38,82,0,15,40,11,36,20,0,29,11,1,23,8,27,16,0,6,Delegate Agency
238,24,0,6,31,0,5,0,8,17,8,0,5,7,1,1,1,15,1,0,2,Delegate Agency
239,27,1,9,30,1,10,0,12,19,7,0,6,23,3,2,1,24,1,0,2,Delegate Agency
240,209,141,78,339,1,64,8,38,101,105,0,162,43,25,52,73,286,27,0,50,Delegate Agency
241,40,1,21,47,0,23,0,28,32,10,0,15,47,4,9,4,23,0,0,2,Delegate Agency
242,30,0,20,29,0,12,0,15,23,12,0,16,22,2,3,1,33,0,0,1,Delegate Agency
243,28,1,9,39,0,19,2,17,31,7,0,20,15,0,6,2,32,0,0,14,Delegate Agency
244,24,1,15,41,0,10,0,9,32,8,0,14,21,1,1,1,23,1,0,10,Delegate Agency
245,27,1,12,24,0,6,3,13,13,12,0,14,17,0,3,3,19,1,0,37,Delegate Agency
246,298,35,45,360,1,44,15,38,48,73,3,163,32,14,41,64,124,11,2,19,Delegate Agency
247,177,35,29,267,0,34,4,24,78,56,1,97,17,14,28,31,94,11,1,33,Delegate Agency
248,257,27,32,284,0,45,15,26,93,98,0,115,15,27,60,76,148,45,0,51,Delegate Agency
249,32,0,32,35,0,5,0,13,23,7,0,11,18,0,3,1,27,0,0,19,Delegate Agency
250,25,0,7,27,0,10,0,13,20,8,0,7,10,0,1,1,21,0,0,2,Delegate Agency
251,268,15,37,331,0,36,157,30,42,75,4,272,11,17,44,46,146,18,4,60,Delegate Agency
252,232,61,57,357,1,87,426,57,65,90,2,212,52,37,46,117,134,8,1,102,Delegate Agency
253,25,1,14,25,0,4,0,9,7,5,0,4,6,0,1,1,11,2,0,1,Delegate Agency
254,13,0,26,31,1,35,0,28,24,5,0,9,28,0,7,1,34,1,0,3,Delegate Agency
255,60,114,23,138,0,20,0,15,39,26,0,44,25,2,20,24,74,20,0,5,Delegate Agency
256,9,0,17,21,1,9,0,9,8,2,0,10,19,0,3,1,15,0,0,30,Delegate Agency
257,399,52,71,429,2,43,464,53,33,102,1,260,39,31,53,77,189,7,1,28,Delegate Agency
258,10,0,7,11,0,2,0,3,3,0,0,1,5,0,2,1,5,0,0,0,Delegate Agency
259,25,3,14,37,0,8,1,14,14,12,0,14,7,0,1,3,34,9,0,1,Delegate Agency
260,6,1,11,11,0,5,0,8,5,6,0,2,5,0,2,1,4,1,0,2,Delegate Agency
261,75,3,10,78,0,18,1,10,25,19,0,20,11,5,10,25,28,9,0,5,Delegate Agency
262,27,2,11,26,0,14,0,10,23,25,0,20,8,0,5,5,67,5,0,4,Delegate Agency
263,42,110,19,82,0,13,1,10,13,20,0,37,9,1,17,7,33,20,0,2,Delegate Agency
264,212,46,70,345,1,50,332,45,58,71,1,144,49,17,21,36,115,5,1,31,Delegate Agency
265,25,0,27,26,1,21,0,26,17,5,0,6,23,0,6,1,33,0,0,8,Delegate Agency
266,106,3,13,90,0,12,1,17,24,23,0,42,18,7,18,26,68,16,0,15,Delegate Agency
267,8,1,20,15,0,14,0,8,19,4,0,8,10,0,9,3,37,0,0,22,Delegate Agency
268,26,8,10,29,0,16,2,18,12,5,0,7,25,2,3,2,12,1,0,3,Delegate Agency
269,33,4,19,25,0,11,1,16,20,15,0,36,15,3,11,7,79,6,0,2,Delegate Agency
270,242,16,24,253,0,22,7,22,33,55,4,103,10,12,24,36,93,9,3,12,Delegate Agency
271,151,13,12,228,0,28,4,20,72,54,1,70,13,14,22,29,82,10,1,20,Delegate Agency
272,28,0,12,46,0,10,0,12,42,7,0,20,21,0,6,2,47,0,0,18,Delegate Agency
273,22,0,21,39,0,20,1,13,21,14,0,21,23,2,5,5,48,3,0,0,Delegate Agency
274,8,0,12,20,0,10,0,9,12,5,0,7,15,0,6,1,10,0,0,13,Delegate Agency
275,159,35,56,299,1,40,227,33,63,56,0,112,36,9,17,32,39,22,0,17,Delegate Agency
276,30,0,4,18,0,1,1,9,9,6,0,5,7,0,0,1,11,0,0,3,Delegate Agency
277,2,0,1,5,0,11,4,1,2,0,0,1,0,2,0,1,2,0,0,0,Delegate Agency
278,139,12,18,198,0,18,213,7,62,44,2,54,17,11,14,14,70,2,0,24,Delegate Agency
279,7,1,6,7,0,3,0,8,4,5,0,2,5,0,1,1,3,0,0,1,Delegate Agency
280,8,0,8,4,0,8,8,3,7,0,0,11,4,0,0,0,1,2,0,0,Delegate Agency
281,290,78,39,363,1,42,11,41,35,68,1,183,39,13,30,55,115,9,0,42,Delegate Agency
282,27,1,20,28,0,7,0,13,8,15,0,6,7,0,4,1,17,2,0,1,Delegate Agency
283,21,1,13,38,0,20,1,9,19,7,0,9,17,0,0,1,20,1,0,13,Delegate Agency
284,28,1,16,32,0,9,0,14,16,8,0,32,26,1,6,1,26,2,0,1,Delegate Agency
285,29,0,8,23,0,5,0,12,10,12,0,6,10,0,2,1,14,0,0,2,Delegate Agency
286,1,0,9,33,1,8,2,10,34,30,0,20,3,2,12,3,15,2,0,4,Delegate Agency
287,21,0,22,41,0,27,0,15,13,3,0,3,32,0,1,5,16,0,0,1,Delegate Agency
288,132,10,33,210,0,30,33,13,69,38,2,73,24,9,20,16,93,7,1,25,Delegate Agency
289,8,0,20,20,0,12,1,11,26,9,0,31,15,2,6,5,82,5,0,3,Delegate Agency
290,26,0,16,35,0,14,0,17,26,9,0,11,20,0,1,1,24,0,0,2,Delegate Agency
291,296,15,49,345,0,37,8,32,46,69,3,151,22,15,37,43,146,14,3,27,Delegate Agency
292,16,0,29,20,0,9,0,18,16,6,0,6,17,1,3,6,35,0,0,10,Delegate Agency
293,6,0,3,2,0,2,4,1,3,0,0,0,1,0,0,0,2,1,0,0,Delegate Agency
294,9,0,15,5,0,5,9,4,7,2,0,1,8,2,1,0,6,0,0,1,Delegate Agency
295,27,0,8,23,0,11,0,10,21,19,0,19,8,1,4,6,65,5,0,7,Delegate Agency
296,0,0,1,0,0,2,0,0,1,0,0,0,2,0,0,0,1,0,0,0,Delegate Agency
297,8,0,7,15,0,9,0,7,4,1,0,2,9,0,1,1,2,0,0,1,Delegate Agency
298,29,0,11,36,0,18,2,16,26,6,0,19,13,0,6,2,18,0,0,14,Delegate Agency
299,13,0,10,10,0,5,6,3,9,0,0,4,3,0,2,2,23,0,0,8,Delegate Agency
300,12,0,5,9,0,0,0,4,4,0,0,1,5,0,0,1,1,2,0,0,Delegate Agency
301,29,19,24,91,1,29,2,14,11,16,0,19,32,2,6,21,20,5,0,8,Delegate Agency
302,107,3,21,101,0,30,2,29,47,20,0,50,61,16,18,26,98,16,0,15,Delegate Agency
303,30,1,31,31,0,7,0,13,13,8,0,22,21,2,9,2,25,4,0,5,Delegate Agency
304,29,4,20,27,0,12,2,15,32,24,0,40,15,5,14,6,105,5,0,4,Delegate Agency
305,78,1,14,62,0,8,6,23,23,13,0,39,15,10,17,36,35,12,0,11,Delegate Agency
306,30,0,9,32,0,7,0,20,14,7,0,5,19,0,3,1,23,0,0,7,Delegate Agency
307,8,0,4,8,0,3,7,1,2,0,0,1,1,3,0,0,5,0,0,0,Delegate Agency
308,23,0,8,23,0,11,1,11,19,11,0,5,10,1,0,1,15,1,0,3,Delegate Agency
309,97,10,16,102,0,27,41,15,71,42,0,83,16,20,30,52,135,21,0,32,Delegate Agency
310,149,11,59,243,0,49,41,18,141,50,2,110,76,23,51,16,141,3,1,34,Delegate Agency
311,375,17,43,328,1,20,438,32,29,93,1,236,5,30,46,58,132,2,1,24,Delegate Agency
312,26,0,10,32,0,8,0,10,22,6,0,14,22,0,3,2,22,0,0,3,Delegate Agency
313,91,15,20,112,1,31,5,14,70,50,0,84,14,14,31,50,167,18,0,33,Delegate Agency
314,153,8,89,259,0,50,283,37,68,65,2,95,17,13,23,47,127,36,2,13,Delegate Agency
315,167,3,38,221,0,32,296,25,55,58,2,105,22,18,8,16,41,3,2,22,Delegate Agency
316,26,8,20,36,0,11,0,19,33,17,0,6,13,1,5,1,44,2,0,4,Delegate Agency
317,23,0,15,28,0,5,0,7,16,8,0,6,9,1,1,1,15,1,0,2,Delegate Agency
318,30,1,17,32,0,4,1,13,15,7,0,19,23,1,10,2,25,4,0,5,Delegate Agency
319,26,1,9,25,0,7,0,12,10,10,0,9,9,0,3,1,15,0,0,2,Delegate Agency
320,30,4,18,27,0,14,1,16,35,20,0,41,18,3,13,6,113,5,0,4,Delegate Agency
321,270,23,26,298,0,49,8,26,122,94,0,100,12,25,47,64,154,42,0,32,Delegate Agency
322,22,1,26,29,1,9,0,14,25,29,0,15,22,0,9,2,45,1,0,18,Delegate Agency
323,166,43,30,311,1,48,5,31,84,69,1,117,37,14,16,50,60,11,0,51,Delegate Agency
324,184,48,51,292,3,47,7,31,88,72,0,111,45,16,26,45,69,7,0,37,Delegate Agency
325,98,11,12,103,0,28,41,13,65,43,0,84,10,20,30,54,124,21,0,32,Delegate Agency
326,0,0,0,0,0,0,0,0,0,0,0,0,1,0,0,0,0,0,0,0,Delegate Agency
327,10,2,19,27,0,7,0,11,12,1,0,8,19,0,2,0,11,0,0,19,Delegate Agency
328,27,0,8,27,0,11,0,11,20,7,0,13,21,0,1,1,23,0,0,2,Delegate Agency
329,24,19,8,35,0,20,2,15,16,10,0,10,20,0,1,1,13,1,0,6,Delegate Agency
330,184,47,81,343,1,53,9,29,73,70,2,116,42,13,27,47,144,12,2,18,Delegate Agency
331,19,0,10,33,0,20,1,13,19,5,0,12,16,0,1,0,17,1,0,17,Delegate Agency
332,1,0,3,5,0,10,5,3,2,0,0,1,0,2,0,0,4,0,0,0,Delegate Agency
333,241,16,21,273,0,35,5,22,79,68,1,111,19,18,32,39,96,17,1,30,Delegate Agency
334,72,15,21,92,0,17,2,18,35,40,0,29,11,6,15,25,54,21,0,11,Delegate Agency
335,31,0,16,42,0,29,0,16,21,11,0,8,27,2,5,1,39,0,0,2,Delegate Agency
336,150,10,33,217,1,24,43,15,68,46,1,84,20,11,17,17,110,4,0,22,Delegate Agency
337,180,52,47,295,1,45,7,36,75,72,2,108,50,14,27,44,65,9,1,26,Delegate Agency
338,20,3,10,14,0,7,1,6,13,7,0,24,4,0,2,3,20,24,0,5,Delegate Agency
339,31,0,16,35,0,16,0,15,20,11,0,5,20,3,7,1,32,0,0,2,Delegate Agency
340,31,0,15,35,1,15,1,12,33,10,0,14,15,4,2,1,62,0,0,3,Delegate Agency
341,19,3,28,9,0,13,30,15,24,5,0,11,15,6,3,4,5,7,0,6,Delegate Agency
342,89,25,14,124,0,17,121,7,45,24,2,46,17,7,14,8,45,0,2,31,Delegate Agency
343,253,42,107,330,17,38,273,42,42,75,0,143,43,10,34,62,105,5,0,30,Delegate Agency
344,25,0,10,41,0,10,0,11,28,7,0,18,19,0,6,2,27,0,0,19,Delegate Agency
345,25,0,12,28,0,16,0,15,29,11,0,19,23,2,6,1,54,0,0,17,Delegate Agency
346,155,15,15,228,0,30,4,18,72,54,1,75,12,15,21,32,98,10,1,27,Delegate Agency
347,31,0,16,40,0,13,0,12,20,6,0,7,24,2,5,1,37,0,0,2,Delegate Agency
348,22,0,11,35,0,11,0,5,30,11,0,15,17,1,6,1,22,1,0,12,Delegate Agency
349,23,2,7,42,0,13,4,10,20,7,0,21,21,2,9,15,30,9,0,3,Delegate Agency
350,81,1,17,66,0,10,6,24,27,14,0,40,19,10,18,37,34,14,0,11,Delegate Agency
351,191,55,39,337,1,51,7,31,77,69,1,120,45,16,34,46,130,10,1,32,Delegate Agency
352,21,3,123,36,0,33,0,17,23,27,0,21,23,2,11,6,49,2,0,10,Delegate Agency
353,21,1,17,33,0,21,5,8,15,6,0,17,16,1,1,1,45,2,0,10,Delegate Agency
354,22,1,8,18,0,10,0,10,15,13,0,18,4,0,5,9,70,6,0,5,Delegate Agency
355,15,8,10,30,0,21,1,10,18,5,0,8,15,0,0,1,13,1,0,15,Delegate Agency
356,25,0,13,20,0,13,1,7,9,4,0,6,9,7,1,2,45,6,0,5,Delegate Agency
357,138,11,18,200,0,17,212,6,60,45,2,53,12,11,14,14,72,3,0,19,Delegate Agency
358,32,0,21,34,0,6,0,15,22,7,0,9,16,0,3,1,18,0,0,16,Delegate Agency
359,148,12,22,215,0,23,228,10,63,46,2,67,16,10,16,13,74,2,0,28,Delegate Agency
360,181,20,35,225,0,34,43,23,61,73,1,124,7,20,34,31,167,11,0,39,Delegate Agency
361,22,8,9,34,0,20,1,13,18,6,0,7,15,2,2,1,18,1,0,8,Delegate Agency
362,7,0,3,8,0,2,7,2,2,3,0,2,3,1,0,1,2,0,0,0,Delegate Agency
363,29,4,16,26,0,11,1,14,41,16,0,38,17,3,11,6,104,5,0,5,Delegate Agency
364,9,0,4,8,0,3,7,1,4,0,0,2,0,1,0,0,4,2,0,0,Delegate Agency
365,29,4,15,28,0,10,1,14,32,20,0,38,18,4,13,6,105,5,0,6,Delegate Agency
366,0,0,0,0,0,1,0,2,0,3,0,1,1,0,1,0,0,0,0,0,Delegate Agency
367,28,0,18,32,0,14,1,15,30,15,0,26,20,2,6,5,61,2,0,2,Delegate Agency
368,15,0,18,17,0,12,0,14,16,9,0,8,25,4,5,1,45,0,0,10,Delegate Agency
369,25,0,11,38,0,17,2,15,20,6,0,12,14,0,6,1,20,1,0,10,Delegate Agency
370,23,4,35,26,1,10,1,13,46,8,0,6,108,2,1,4,28,4,0,4,Delegate Agency
371,241,15,25,272,0,32,6,22,82,66,1,102,19,19,28,37,98,17,0,31,Delegate Agency
372,308,34,42,365,1,42,9,33,42,80,2,168,36,15,43,64,148,10,1,30,Delegate Agency
373,160,7,45,269,1,66,9,31,67,66,1,126,38,12,13,36,7,23,1,18,Delegate Agency
374,139,12,17,201,0,19,214,7,61,44,2,53,16,12,15,14,73,2,0,27,Delegate Agency
375,24,1,21,24,0,7,1,13,23,13,0,16,24,0,12,2,49,1,0,17,Delegate Agency
376,25,0,8,26,0,4,0,7,32,8,0,6,9,0,3,1,35,1,0,17,Delegate Agency
377,27,0,15,33,0,12,0,10,24,6,0,4,16,0,0,1,18,1,0,2,Delegate Agency
378,28,1,12,31,0,4,0,8,4,5,0,18,6,0,8,2,15,4,0,5,Delegate Agency
379,30,2,12,33,0,12,4,7,12,12,0,5,22,3,9,16,56,15,0,8,Delegate Agency
380,10,0,16,25,0,11,0,15,19,3,0,10,26,1,5,1,42,0,0,16,Delegate Agency
381,140,4,23,142,0,25,219,18,66,49,2,74,21,12,12,8,17,4,0,23,Delegate Agency
382,27,4,22,27,0,12,1,18,30,20,0,38,17,4,12,6,96,5,0,4,Delegate Agency
383,155,11,84,261,2,45,7,40,75,60,3,120,54,13,9,31,15,6,2,28,Delegate Agency
384,253,25,28,236,0,16,257,23,28,49,2,140,16,9,28,30,82,2,3,26,Delegate Agency
385,25,0,6,23,0,10,2,14,22,8,0,7,8,2,0,1,61,1,0,3,Delegate Agency
386,24,0,7,26,0,5,0,7,15,8,0,6,9,1,1,1,15,1,0,2,Delegate Agency
387,56,0,23,48,0,6,6,7,11,14,0,31,15,6,14,24,59,9,0,20,Delegate Agency
388,32,5,16,30,3,9,0,15,19,6,0,8,35,1,4,1,38,0,0,8,Delegate Agency
389,23,2,21,31,0,9,22,12,26,9,0,7,13,0,6,1,21,6,0,4,Delegate Agency
390,12,0,19,9,0,8,31,11,26,7,0,36,15,3,2,1,21,12,0,3,Delegate Agency
391,259,6,33,227,0,25,279,24,27,51,4,139,13,9,27,31,47,2,5,19,Delegate Agency
392,26,0,7,35,0,24,1,15,28,7,0,14,15,0,2,1,19,1,0,17,Delegate Agency
393,273,15,51,304,0,33,7,29,50,64,3,150,16,15,35,41,139,11,1,27,Delegate Agency
394,8,1,12,9,0,4,0,7,5,6,0,2,7,0,2,1,3,0,0,0,Delegate Agency
395,23,0,18,28,0,6,0,9,12,11,0,3,10,0,3,1,16,1,0,5,Delegate Agency
396,24,1,27,35,0,12,0,13,19,6,0,12,23,0,3,1,33,1,0,15,Delegate Agency
397,10,0,17,18,0,12,1,15,11,5,0,11,14,0,4,4,2,0,0,5,Delegate Agency
398,154,57,50,262,1,51,10,31,60,78,2,108,39,12,37,43,191,8,2,33,Delegate Agency
399,3,0,6,8,0,17,5,3,9,0,0,1,6,4,0,1,13,0,0,0,Delegate Agency
400,24,0,11,33,0,9,0,15,22,11,0,11,12,2,2,1,22,1,0,2,Delegate Agency
401,17,0,15,26,0,8,0,8,14,9,0,12,19,0,12,1,28,1,0,15,Delegate Agency
402,10,0,12,21,0,9,0,10,17,3,0,17,25,0,2,2,21,0,0,1,Delegate Agency
403,157,13,12,226,1,30,4,17,75,59,0,74,12,14,24,29,90,10,0,18,Delegate Agency
404,82,1,24,60,0,4,6,31,32,14,0,40,17,10,18,35,61,13,0,11,Delegate Agency
405,292,30,27,313,0,28,7,36,40,59,1,141,19,13,30,43,118,14,1,22,Delegate Agency
406,37,0,6,24,0,11,0,14,16,10,0,4,9,2,1,4,21,2,0,2,Delegate Agency
407,25,0,12,33,0,12,0,13,20,8,0,9,13,0,3,1,16,0,0,3,Delegate Agency
408,110,5,15,94,0,19,1,18,25,23,0,42,28,7,18,26,86,16,0,18,Delegate Agency
409,144,70,22,225,0,30,30,16,56,40,0,78,21,10,16,17,64,2,1,31,Delegate Agency
410,33,0,13,39,0,10,0,10,22,8,0,12,10,0,15,1,20,0,0,9,Delegate Agency
411,32,0,11,28,0,7,0,24,21,13,0,7,22,1,6,1,65,0,0,3,Delegate Agency
412,311,130,29,391,0,44,5,35,95,93,1,128,18,26,57,62,179,54,1,28,Delegate Agency
413,189,14,20,263,1,34,5,24,84,55,3,103,24,14,28,33,95,10,1,36,Delegate Agency
414,22,1,12,34,0,8,0,12,13,8,0,10,14,0,2,1,24,1,0,17,Delegate Agency
415,145,10,28,218,0,26,42,14,69,41,2,80,17,9,18,17,64,2,1,24,Delegate Agency
416,191,31,17,311,1,45,4,31,85,76,1,108,30,14,32,54,95,15,1,29,Delegate Agency
417,126,8,11,174,0,28,204,15,26,58,2,82,10,14,12,27,34,16,1,9,Delegate Agency
418,28,0,12,18,0,10,2,7,10,2,0,5,9,4,1,3,3,3,0,8,Delegate Agency
419,25,0,12,39,0,17,0,15,21,8,0,11,23,0,1,1,18,0,0,2,Delegate Agency
420,24,1,21,35,0,10,0,12,13,6,0,11,21,0,6,1,22,1,0,4,Delegate Agency
421,13,0,6,14,0,8,2,5,12,5,0,11,2,5,2,2,12,4,0,2,Delegate Agency
422,226,50,29,386,1,45,12,37,96,100,0,132,26,38,36,74,200,29,0,35,Delegate Agency
423,26,1,11,26,0,6,0,11,12,7,0,8,7,0,2,1,18,0,0,2,Delegate Agency
424,32,2,31,39,0,14,0,25,22,10,0,6,28,0,4,1,39,0,0,7,Delegate Agency
425,31,3,19,31,0,22,0,13,11,16,0,13,11,0,6,5,22,2,0,5,Delegate Agency
426,291,32,27,351,1,39,8,38,33,79,2,157,24,12,29,65,89,14,1,21,Delegate Agency
427,146,11,32,235,2,31,7,24,41,54,1,79,24,9,9,31,24,5,0,16,Delegate Agency
428,27,0,9,26,0,3,0,10,17,7,0,12,18,0,2,2,19,0,0,2,Delegate Agency
429,249,25,70,153,1,46,25,34,58,67,4,147,52,9,14,30,22,5,3,27,Delegate Agency
430,274,16,43,319,0,30,27,28,52,65,0,143,18,11,35,44,150,16,0,25,Delegate Agency
431,183,31,28,306,1,47,5,30,91,68,0,119,44,16,32,50,94,9,0,33,Delegate Agency
432,24,13,9,34,0,21,2,19,16,9,0,13,21,0,1,0,13,1,0,6,Delegate Agency
433,24,1,16,25,0,3,1,9,7,5,0,4,7,0,1,1,10,2,0,1,Delegate Agency
434,21,0,13,25,0,11,1,10,28,15,0,38,4,4,6,1,28,13,0,8,Delegate Agency
435,237,46,70,329,1,60,5,42,107,98,1,123,35,18,33,71,218,36,1,50,Delegate Agency
436,18,0,11,20,0,9,0,12,8,2,0,4,22,2,3,2,26,3,0,1,Delegate Agency
437,22,13,8,31,0,19,2,13,14,10,0,10,13,0,1,0,13,1,0,6,Delegate Agency
438,231,9,24,251,1,30,7,27,46,50,1,106,23,11,18,30,94,10,1,21,Delegate Agency
439,21,2,21,35,1,13,0,12,21,7,0,16,23,1,12,2,42,1,0,15,Delegate Agency
440,198,64,48,330,1,45,7,36,102,74,3,135,56,18,34,45,120,8,2,57,Delegate Agency
441,23,22,22,9,0,4,4,4,16,22,0,48,4,3,28,11,164,1,0,21,Delegate Agency
442,6,4,21,18,0,10,0,12,11,11,0,7,12,0,7,1,9,0,0,4,Delegate Agency
443,25,0,4,27,0,9,0,8,15,6,0,4,10,3,0,1,17,1,0,1,Delegate Agency
444,25,0,26,45,0,13,0,13,28,7,0,12,26,2,3,1,57,0,0,12,Delegate Agency
445,247,47,46,281,1,28,263,39,21,62,1,152,29,8,30,54,87,4,1,22,Delegate Agency
446,12,0,19,32,0,23,0,10,14,4,0,6,25,2,5,1,36,0,0,2,Delegate Agency
447,233,15,28,277,0,37,5,22,73,70,0,105,18,17,28,36,99,17,0,22,Delegate Agency
448,186,35,22,280,1,42,5,39,93,66,0,105,41,19,29,45,96,19,0,33,Delegate Agency
449,21,2,34,42,0,14,21,11,24,11,0,8,15,0,5,2,18,2,0,3,Delegate Agency
450,82,77,135,670,9,529,790,70,94,213,193,330,55,82,113,82,266,148,222,175,Commodities
451,72,106,163,572,4,628,555,100,214,243,207,368,81,75,83,75,89,113,232,171,Commodities
452,50,39,152,300,2,289,238,78,60,77,101,169,70,48,32,81,35,47,105,62,Commodities
453,100,183,185,647,6,591,642,138,100,270,245,452,87,92,145,101,154,121,271,207,Commodities
454,17,3,10,34,1,48,38,22,33,39,0,19,14,4,14,6,8,22,0,13,Commodities
455,0,1,3,2,0,5,1,2,3,1,0,0,0,3,0,1,1,0,0,1,Commodities
456,5,3,12,29,0,31,16,12,3,14,0,3,6,3,8,3,3,1,0,0,Commodities
457,32,61,165,366,3,288,356,69,55,122,59,282,85,52,59,62,52,28,55,72,Commodities
458,0,1,9,6,0,9,1,6,3,1,0,0,1,4,1,1,3,0,0,1,Commodities
459,59,99,161,354,1,320,335,80,60,110,63,266,72,54,63,93,58,46,57,92,Commodities
460,44,100,96,310,4,251,195,64,42,70,52,170,63,33,37,66,46,26,54,42,Commodities
461,2,0,7,4,0,4,1,7,5,1,0,0,2,8,0,0,7,0,0,3,Commodities
462,40,67,112,226,3,220,175,44,37,54,55,139,46,36,32,46,47,1,55,44,Commodities
463,16,22,19,93,1,39,14,27,14,14,0,35,28,2,22,28,12,9,0,5,Commodities
464,51,105,135,341,2,295,260,68,56,86,134,212,83,36,47,88,50,42,133,69,Commodities
465,3,1,12,39,0,22,15,8,4,11,0,3,5,2,3,3,5,1,0,2,Commodities
466,47,99,138,303,2,257,260,57,76,79,141,201,77,36,44,80,51,29,123,67,Commodities
467,0,1,7,9,0,11,1,9,2,1,0,0,2,8,1,1,5,0,0,2,Commodities
468,7,11,15,81,2,42,23,17,11,13,11,13,21,1,8,16,4,3,12,4,Commodities
469,0,1,7,8,0,6,1,11,3,0,0,0,2,7,0,0,5,0,0,2,Commodities
470,0,1,2,3,0,4,1,7,3,0,0,0,1,4,0,0,3,0,0,1,Commodities
471,62,77,210,496,3,470,623,60,80,187,188,288,49,94,85,70,105,101,190,179,Commodities
472,0,1,4,7,0,9,1,7,3,0,0,0,1,4,1,1,4,0,0,1,Commodities
473,53,78,191,450,3,430,542,67,76,182,210,285,58,79,79,57,126,74,239,161,Commodities
474,27,64,95,164,2,183,161,53,32,42,196,80,46,130,26,44,37,75,190,52,Commodities
475,45,66,120,277,4,206,165,55,43,56,40,132,67,38,25,63,31,24,43,45,Commodities
476,5,5,47,115,0,34,67,31,17,20,1,59,16,14,16,4,25,9,1,10,Commodities
477,5,2,17,34,0,30,17,7,4,7,0,4,3,2,3,3,3,1,0,0,Commodities
478,43,72,103,281,4,245,158,62,39,55,41,136,57,35,24,58,27,21,35,39,Commodities
479,2,0,1,1,0,4,1,4,3,0,0,0,1,5,0,0,3,0,0,2,Commodities
480,8,3,18,42,0,58,74,8,8,20,0,46,2,11,9,12,16,2,0,17,Commodities
481,3,1,7,25,0,23,16,7,4,6,0,1,3,2,4,4,4,1,0,0,Commodities
482,0,0,6,2,0,9,2,5,1,0,0,0,0,0,0,0,3,0,0,0,Commodities
483,0,1,13,10,0,6,1,14,2,0,0,0,4,16,1,0,9,0,0,4,Commodities
484,0,1,6,5,0,25,3,5,3,0,0,0,0,1,0,0,3,0,0,0,Commodities
485,0,0,0,0,0,0,0,0,0,0,0,0,1,0,0,0,0,0,0,0,Commodities
486,91,177,187,657,4,574,640,107,101,263,248,448,81,89,145,97,148,114,274,198,Commodities
487,2,1,4,4,0,7,1,3,1,3,0,2,0,0,1,1,5,0,0,0,Commodities
488,11,11,24,90,1,45,14,26,8,13,0,27,29,2,5,22,5,4,0,5,Commodities
489,2,0,2,3,0,4,1,5,3,0,0,0,1,5,0,0,3,0,0,2,Commodities
490,2,0,4,6,0,4,1,9,8,0,0,0,3,12,0,3,6,0,0,4,Commodities
491,47,67,166,325,2,338,277,67,32,78,138,148,90,52,36,81,48,40,135,75,Commodities
492,0,1,17,22,0,23,1,30,4,1,0,2,8,27,1,1,15,0,0,7,Commodities
493,52,87,141,358,4,309,250,91,64,80,52,365,84,49,44,70,69,29,46,44,Commodities
494,63,112,232,380,17,377,345,118,79,125,118,212,69,55,60,69,77,66,117,71,Commodities
495,49,92,114,302,4,245,197,64,42,69,47,150,66,30,42,64,44,29,49,44,Commodities
496,0,0,1,2,0,3,1,3,2,0,0,0,0,0,0,0,1,0,0,0,Commodities
497,26,56,119,229,2,190,216,34,36,63,21,152,36,38,39,39,40,8,17,43,Commodities
498,43,107,240,469,3,500,564,99,187,213,170,404,49,64,120,67,123,139,185,156,Commodities
499,1,1,8,9,0,9,1,5,8,5,0,1,1,0,3,1,1,0,0,0,Commodities
500,73,175,173,633,4,551,597,108,101,250,225,397,83,87,135,79,142,106,254,182,Commodities
501,2,0,1,1,0,4,1,3,4,0,0,0,1,4,0,0,3,0,0,2,Commodities
502,2,0,4,2,0,4,1,5,3,0,0,0,1,5,0,0,3,0,0,2,Commodities
503,51,77,134,286,4,243,209,51,40,61,45,171,66,38,33,68,59,1,44,45,Commodities
504,0,1,6,8,0,8,1,7,1,0,0,0,1,4,1,1,3,0,0,1,Commodities
505,2,1,4,11,0,9,1,5,1,0,0,0,1,3,0,0,3,0,0,1,Commodities
506,48,105,149,299,2,261,262,79,76,157,122,196,84,40,46,139,42,132,122,68,Commodities
507,0,0,1,2,0,10,2,5,3,0,0,0,0,0,0,0,2,0,0,0,Commodities
508,35,96,97,311,4,248,166,76,35,66,49,164,75,33,45,63,40,26,50,42,Commodities
509,37,85,181,389,2,280,346,77,61,142,5,271,71,62,62,81,58,51,5,85,Commodities
510,2,0,3,2,0,4,1,4,4,0,0,0,1,5,0,0,3,0,0,2,Commodities
511,2,0,2,1,0,4,1,3,4,0,0,0,1,5,0,0,3,0,0,2,Commodities
512,2,1,5,16,0,19,8,7,3,7,0,2,3,1,2,1,3,1,0,0,Commodities
513,2,0,2,2,0,4,1,3,2,0,0,0,1,5,0,0,3,0,0,2,Commodities
514,36,128,180,464,3,455,506,88,99,188,203,338,62,56,102,54,100,88,222,156,Commodities
515,41,115,151,481,2,493,528,95,91,197,259,358,70,58,97,61,113,89,247,181,Commodities
516,2,2,15,11,0,9,1,11,4,5,0,7,3,5,5,0,5,0,0,3,Commodities
517,266,96,83,422,32,127,267,64,56,118,159,184,77,24,52,91,135,53,144,51,Commodities
518,91,188,184,626,3,630,723,100,120,253,222,390,75,90,158,146,145,167,248,187,Commodities
519,2,0,3,1,0,4,1,5,3,0,0,0,1,5,0,0,3,0,0,2,Commodities
520,15,4,40,88,0,37,53,45,19,25,0,50,14,10,19,4,23,6,0,9,Commodities
521,0,0,0,2,0,8,1,4,2,2,0,0,0,0,0,0,2,1,0,0,Commodities
522,35,78,116,278,3,261,202,46,37,85,96,133,64,46,45,67,37,56,84,98,Commodities
523,14,3,14,50,0,45,84,7,9,23,0,48,1,10,11,12,12,2,0,17,Commodities
524,2,0,5,3,0,4,1,5,4,0,0,0,1,5,1,0,3,0,0,2,Commodities
525,11,3,27,70,0,68,95,8,6,28,1,44,2,10,14,10,17,3,1,18,Commodities
526,2,0,1,2,0,4,1,6,4,0,0,0,1,5,0,0,3,0,0,2,Commodities
527,14,3,23,54,0,54,63,7,7,16,1,13,1,7,5,6,13,3,1,1,Commodities
528,35,59,120,240,3,220,176,44,39,56,43,207,43,33,38,50,48,3,38,38,Commodities
529,64,78,220,497,3,468,618,60,86,197,194,288,49,95,91,69,105,101,197,178,Commodities
530,11,22,22,59,1,18,3,23,4,11,0,14,30,6,6,4,4,2,0,5,Commodities
531,60,51,284,519,7,614,521,106,233,222,219,634,84,68,72,87,59,185,299,268,Commodities
532,0,0,1,2,0,7,4,5,1,0,0,0,0,0,0,0,2,0,0,0,Commodities
533,2,1,11,15,0,19,7,10,4,11,0,3,4,1,4,1,1,1,0,0,Commodities
534,52,85,101,278,4,225,157,66,37,58,41,129,70,41,30,62,49,25,43,42,Commodities
535,39,37,103,269,4,210,163,41,33,75,68,140,59,24,19,45,16,93,69,56,Commodities
536,68,101,186,534,3,493,596,91,99,199,209,328,70,81,114,90,135,104,241,167,Commodities
537,71,159,189,579,5,545,569,112,102,239,209,384,83,79,130,80,149,114,242,171,Commodities
538,78,196,187,622,7,664,562,121,91,260,238,388,83,82,139,85,144,223,277,218,Commodities
539,2,0,0,1,0,4,1,4,3,1,0,0,1,3,0,0,2,0,0,2,Commodities
540,0,0,1,7,1,14,8,8,3,3,3,2,0,0,0,1,1,0,3,2,Commodities
541,0,3,2,8,0,7,5,1,2,1,9,6,0,0,0,0,2,1,8,0,Commodities
542,67,99,148,528,3,493,589,99,98,200,209,316,71,77,116,85,133,103,240,168,Commodities
543,41,83,155,278,0,263,247,63,57,95,115,163,67,39,42,91,46,39,106,58,Commodities
544,51,84,114,338,2,281,223,81,39,84,161,515,83,48,49,101,26,45,127,60,Commodities
545,7,5,34,94,0,30,46,34,12,23,0,68,11,16,15,5,24,14,0,10,Commodities
546,23,29,61,338,0,331,457,41,64,138,3,198,13,60,55,43,77,52,3,83,Commodities
547,54,82,144,293,4,233,194,51,59,65,49,167,61,45,36,68,64,22,45,45,Commodities
548,59,109,195,351,13,363,342,92,83,116,124,202,59,45,67,71,75,65,114,75,Commodities
549,46,28,148,305,1,300,248,77,61,105,141,168,74,40,32,84,43,44,139,65,Commodities
550,30,67,134,343,3,309,364,62,52,112,38,236,49,51,56,53,47,21,41,92,Commodities
551,9,5,30,89,0,30,55,29,16,22,0,59,19,11,8,8,9,5,0,10,Commodities
552,0,1,4,7,0,7,1,5,3,1,0,0,1,4,1,1,4,0,0,1,Commodities
553,2,0,1,1,0,4,1,4,4,0,0,0,1,5,0,0,3,0,0,2,Commodities
554,2,0,1,4,0,4,1,5,2,0,0,0,1,3,1,0,2,0,0,1,Commodities
555,12,8,25,66,1,116,83,31,22,22,53,48,39,14,10,22,22,3,51,20,Commodities
556,72,138,181,564,3,497,566,104,101,220,210,334,84,83,123,69,138,81,239,171,Commodities
557,2,1,9,18,0,23,21,3,6,4,0,5,1,0,2,3,7,0,0,0,Commodities
558,16,32,28,78,1,24,8,29,14,14,0,40,29,10,9,14,8,18,0,7,Commodities
559,5,1,16,24,0,29,30,5,5,9,1,12,2,1,3,4,7,1,1,1,Commodities
560,55,89,158,360,2,353,335,81,66,104,137,223,93,53,60,85,58,53,131,106,Commodities
561,10,20,11,71,1,24,14,23,14,15,0,24,23,4,10,19,8,2,0,2,Commodities
562,67,134,162,523,2,496,526,85,92,208,194,347,76,67,94,67,135,104,223,193,Commodities
563,0,0,0,0,0,2,1,3,1,0,0,0,1,0,0,0,1,0,0,0,Commodities
564,0,1,6,4,0,8,1,6,2,0,0,0,1,4,1,1,3,0,0,1,Commodities
565,0,1,4,7,0,10,1,6,2,0,0,0,1,4,1,1,3,0,0,1,Commodities
566,3,1,6,16,0,14,8,5,3,2,0,0,2,2,2,2,1,1,0,0,Commodities
567,0,0,2,2,0,6,1,1,2,2,0,0,0,0,0,0,1,0,0,0,Commodities
568,49,93,114,285,4,226,161,54,37,57,45,125,62,33,36,64,45,24,45,40,Commodities
569,3,1,10,29,0,24,16,7,3,7,0,1,4,2,3,3,5,1,0,0,Commodities
570,4,1,8,26,0,20,17,7,4,7,0,2,4,2,4,3,4,1,0,0,Commodities
571,50,113,195,357,1,350,287,70,45,103,91,182,65,53,53,68,54,63,82,73,Commodities
572,3,1,8,26,0,22,16,6,4,7,0,1,3,2,4,4,3,1,0,0,Commodities
573,2,0,2,1,0,4,1,4,4,0,0,0,1,5,0,0,3,0,0,2,Commodities
574,49,84,215,286,4,234,212,51,49,75,39,462,69,47,70,86,53,26,36,54,Commodities
575,26,37,110,419,1,308,422,66,78,131,2,217,44,53,35,50,45,58,3,78,Commodities
576,2,0,3,1,0,4,1,4,4,1,0,0,1,5,0,0,3,0,0,2,Commodities
577,51,97,164,380,2,327,292,94,57,110,117,231,86,52,51,84,53,88,105,82,Commodities
578,13,19,15,86,1,60,69,16,12,27,0,58,17,11,11,32,13,5,0,17,Commodities
579,0,0,6,5,0,15,3,7,1,0,0,0,0,0,0,0,5,0,0,0,Commodities
580,6,13,53,137,0,37,54,36,22,31,7,198,12,19,26,8,30,34,3,12,Commodities
581,59,160,151,532,2,612,542,102,199,233,169,375,61,71,123,75,134,160,220,156,Commodities
582,15,24,5,51,1,22,3,11,7,11,0,19,19,0,3,20,7,6,0,2,Commodities
583,51,93,180,387,2,323,364,77,104,110,136,295,74,51,72,91,144,54,143,86,Commodities
584,39,71,124,261,3,248,245,36,35,72,54,138,39,35,41,49,43,35,46,50,Commodities
585,67,41,258,515,4,598,530,95,199,224,215,367,76,65,62,71,44,111,239,159,Commodities
586,2,0,1,1,0,4,1,4,3,0,0,0,1,5,0,0,3,0,0,2,Commodities
587,47,92,148,316,3,306,256,86,63,95,124,182,77,53,46,82,57,33,116,63,Commodities
588,56,80,139,362,2,297,282,79,52,99,129,233,85,45,46,84,43,46,129,81,Commodities
589,0,1,70,69,0,78,1,140,2,0,0,0,28,136,1,0,70,0,0,35,Commodities
590,57,57,105,308,4,256,187,67,39,62,34,129,67,29,38,64,28,29,37,46,Commodities
591,0,0,2,1,0,5,1,3,1,0,0,0,0,0,0,0,1,0,0,0,Commodities
592,57,152,164,617,4,512,588,108,108,225,78,406,69,73,126,89,105,150,91,132,Commodities
593,2,0,1,2,0,4,1,3,2,0,0,0,1,5,0,0,3,0,0,2,Commodities
594,1,1,9,17,0,22,17,3,6,4,0,5,1,0,1,3,5,0,0,0,Commodities
595,0,1,5,7,0,10,1,10,3,1,0,0,2,8,1,1,6,0,0,2,Commodities
596,30,54,83,211,3,203,144,47,29,46,76,103,40,22,27,33,34,87,68,30,Commodities
597,0,1,11,15,0,20,1,26,2,0,0,0,6,24,2,1,13,0,0,6,Commodities
598,41,81,100,266,4,230,183,39,45,59,41,144,56,29,28,65,47,0,40,39,Commodities
599,2,0,2,1,0,4,1,5,3,0,0,0,1,5,0,0,3,0,0,2,Commodities
600,48,94,112,292,4,237,183,50,31,61,52,126,65,32,38,63,48,22,49,48,Commodities
601,36,86,197,347,4,363,376,64,55,98,162,219,50,54,54,73,50,59,147,87,Commodities
602,48,102,162,307,1,254,261,70,80,85,125,205,87,36,46,83,55,29,113,68,Commodities
603,82,190,211,676,3,567,700,124,128,273,109,430,81,88,158,139,125,145,110,155,Commodities
604,45,79,115,283,4,238,223,53,55,71,48,179,67,34,36,72,51,3,44,49,Commodities
605,1,1,12,24,0,23,16,7,3,6,0,1,3,1,3,3,3,1,0,0,Commodities
606,0,1,5,4,0,8,1,6,3,0,0,0,1,4,1,1,3,0,0,1,Commodities
607,21,30,121,370,0,286,460,64,70,128,0,226,24,58,64,42,81,37,1,91,Commodities
608,33,53,120,231,3,208,164,44,112,57,72,172,43,30,36,31,37,91,71,34,Commodities
609,0,3,2,7,0,14,1,4,1,1,0,0,1,1,0,0,2,0,0,0,Commodities
610,43,100,173,422,3,336,403,83,61,130,57,367,75,54,74,92,64,36,62,112,Commodities
611,23,29,109,354,0,224,407,57,63,119,2,215,24,55,60,34,83,40,3,78,Commodities
612,6,22,20,19,0,61,2,43,14,15,0,8,30,59,2,0,17,36,0,11,Commodities
613,58,22,145,457,1,567,501,89,153,218,224,374,81,64,67,67,59,102,252,193,Commodities
614,1,1,10,11,0,23,19,7,2,0,0,4,3,0,1,8,8,0,0,2,Commodities
615,43,71,114,267,4,233,209,51,49,75,51,171,62,41,44,70,50,4,51,56,Commodities
616,0,1,12,12,0,9,1,11,2,2,0,2,2,8,1,1,5,0,0,2,Commodities
617,5,3,52,124,0,49,66,42,16,21,1,59,12,14,18,4,23,10,1,9,Commodities
618,48,87,152,271,14,282,279,53,54,84,72,178,44,43,46,57,49,44,69,68,Commodities
619,69,163,172,567,3,530,561,109,105,240,209,387,81,75,127,75,137,112,240,174,Commodities
620,39,67,171,296,0,303,353,60,76,98,76,232,63,60,52,63,64,39,70,100,Commodities
621,0,2,2,11,0,26,14,7,3,1,0,5,0,0,1,4,7,0,0,2,Commodities
622,2,0,6,5,0,4,1,9,11,0,0,0,3,11,0,0,5,0,0,4,Commodities
623,50,36,96,253,2,263,218,49,48,71,95,145,67,36,19,77,25,23,85,61,Commodities
624,0,1,11,6,0,6,1,5,3,0,0,0,1,3,1,0,4,0,0,1,Commodities
625,3,1,8,29,0,23,15,6,3,6,0,1,2,2,2,3,3,1,0,0,Commodities
626,33,71,140,288,3,298,273,59,46,91,61,414,56,52,59,49,45,21,52,74,Commodities
627,36,85,207,390,1,321,298,97,75,105,122,210,59,76,66,62,68,38,117,96,Commodities
628,48,91,215,393,0,316,356,77,70,131,109,289,92,56,67,67,68,54,116,124,Commodities
629,0,0,2,1,0,8,3,5,3,0,0,0,1,2,0,0,2,0,0,0,Commodities
630,41,71,155,265,1,282,241,69,52,68,134,182,57,51,43,58,46,36,118,64,Commodities
631,2,1,12,21,0,20,12,8,3,6,0,1,3,2,4,2,1,1,0,0,Commodities
632,0,0,2,9,0,7,1,6,2,2,0,2,1,4,1,0,3,0,0,1,Commodities
633,46,104,142,344,2,323,257,77,50,83,124,189,73,41,44,75,47,43,115,72,Commodities
634,49,125,165,553,6,515,545,98,110,201,230,379,78,65,115,72,115,92,236,171,Commodities
635,82,84,104,142,0,95,97,48,73,51,73,99,54,19,31,29,73,55,70,50,Commodities
636,13,3,27,67,0,61,95,9,7,28,1,44,2,10,13,10,18,4,1,18,Commodities
637,7,1,45,103,0,39,66,36,22,20,0,103,13,14,9,4,17,6,0,10,Commodities
638,22,30,70,189,4,159,125,44,23,50,67,71,29,19,24,27,18,91,59,27,Commodities
639,43,72,168,303,1,328,396,62,76,118,68,264,58,55,65,58,47,57,62,107,Commodities
640,58,71,110,294,4,259,225,64,53,79,41,161,71,31,49,61,60,39,42,68,Commodities
641,243,52,146,336,5,115,381,47,56,90,130,210,36,29,48,62,119,43,136,66,Commodities
642,0,1,7,7,0,8,1,6,2,0,0,0,2,4,1,0,3,0,0,1,Commodities
643,0,1,3,3,0,6,1,11,1,0,0,0,2,7,0,0,5,0,0,2,Commodities
644,0,1,1,5,0,24,2,12,2,1,1,0,1,0,1,0,2,0,1,0,Commodities
645,0,1,2,9,0,15,11,5,2,1,0,4,1,0,1,4,6,0,0,2,Commodities
646,2,0,1,1,0,4,1,4,3,0,0,0,1,5,0,0,3,0,0,2,Commodities
647,30,18,78,211,5,221,145,65,31,63,53,155,53,27,11,43,8,26,59,36,Commodities
648,40,76,144,294,0,225,190,57,19,66,194,211,54,51,39,48,41,110,183,58,Commodities
649,28,51,87,250,3,195,173,49,30,77,74,1037,59,50,76,56,35,86,67,38,Commodities
650,51,104,152,353,2,309,267,83,59,88,86,190,84,40,46,85,52,36,86,70,Commodities
651,56,102,180,313,2,266,234,57,55,72,133,162,85,47,38,81,61,31,130,63,Commodities
652,69,61,173,539,5,599,534,87,203,223,223,367,83,65,68,69,57,113,256,171,Commodities
653,5,1,11,31,0,26,16,8,3,7,0,2,3,3,5,4,3,0,0,0,Commodities
654,0,1,2,4,0,13,3,4,1,0,0,0,0,1,0,0,2,0,0,0,Commodities
655,2,3,16,56,0,44,98,8,8,29,1,59,4,4,19,10,16,0,1,22,Commodities
656,1,1,7,5,0,8,1,4,6,0,0,2,0,3,0,0,1,1,0,1,Commodities
657,0,1,3,7,0,8,1,6,4,0,0,0,1,4,1,1,4,0,0,1,Commodities
658,0,1,5,4,0,6,1,7,3,0,0,0,1,4,1,1,3,0,0,1,Commodities
659,11,7,31,213,0,226,349,26,40,107,0,169,8,36,17,27,34,45,1,66,Commodities
660,1,0,5,1,0,4,1,3,4,0,0,0,1,4,0,0,3,0,0,2,Commodities
661,32,67,139,294,2,258,212,55,48,67,59,139,54,40,43,46,46,22,47,42,Commodities
662,41,113,166,457,4,459,507,93,92,183,220,351,69,61,96,62,104,89,218,169,Commodities
663,3,0,10,5,0,12,2,7,16,3,0,0,4,5,0,2,5,0,0,2,Commodities
664,4,36,59,129,0,48,65,53,32,24,1,269,29,22,14,7,32,4,1,9,Commodities
665,7,19,8,56,1,34,7,20,6,13,0,18,20,9,3,18,9,3,0,3,Commodities
666,21,43,72,183,3,162,121,45,25,40,68,57,27,21,30,27,27,88,64,25,Commodities
667,4,0,2,9,0,16,14,2,2,2,0,4,0,1,0,1,1,0,0,2,Commodities
668,2,0,2,2,0,4,1,2,3,0,0,0,0,4,0,0,2,0,0,2,Commodities
669,63,123,265,423,15,392,406,118,93,141,124,278,78,63,78,82,83,65,119,112,Commodities
670,0,1,16,14,0,15,1,18,4,0,0,0,3,16,0,1,10,0,0,4,Commodities
671,22,40,44,94,3,52,62,15,23,24,2,27,21,9,9,40,14,7,2,4,Commodities
672,0,0,5,5,0,6,1,5,2,1,0,0,1,4,0,1,3,0,0,1,Commodities
673,0,0,6,6,0,16,1,7,3,0,0,0,0,0,0,0,2,0,0,0,Commodities
674,2,0,2,5,0,4,1,1,3,0,0,0,0,5,0,0,5,0,0,3,Commodities
675,0,1,6,9,0,11,1,9,2,1,1,0,2,7,1,1,6,0,1,2,Commodities
676,0,1,2,3,0,12,1,4,1,0,0,0,0,1,0,0,2,0,0,0,Commodities
677,4,0,46,47,0,4,12,18,29,5,0,10,9,33,1,0,22,14,0,12,Commodities
678,22,55,87,187,3,175,114,46,24,38,51,126,39,24,29,29,29,87,45,22,Commodities
679,19,33,103,347,0,207,390,52,59,116,16,216,18,51,57,35,84,37,15,79,Commodities
680,2,1,9,16,0,19,7,6,2,7,0,2,5,1,5,0,1,1,0,0,Commodities
681,2,1,10,20,0,19,8,9,4,7,0,2,3,1,3,1,2,1,0,0,Commodities
682,0,1,10,8,0,8,1,8,2,0,0,0,2,8,1,1,5,0,0,2,Commodities
683,49,76,153,276,1,254,252,57,46,75,78,187,60,42,45,61,52,29,85,78,Commodities
684,48,92,110,309,4,235,205,61,53,67,45,194,62,34,43,65,46,35,46,46,Commodities
685,0,0,2,2,0,10,1,5,2,0,0,0,0,0,0,0,2,0,0,0,Commodities
686,213,18,90,312,0,73,284,52,55,72,0,132,25,26,48,48,119,26,0,24,Commodities
687,59,100,171,324,2,260,287,70,79,95,139,201,92,47,45,88,55,54,127,71,Commodities
688,42,53,77,212,3,170,151,33,31,55,73,88,37,24,31,36,48,89,62,32,Commodities
689,2,3,19,30,4,29,20,4,4,15,2,2,2,7,4,13,3,3,2,1,Commodities
690,2,0,5,1,0,4,1,4,4,0,0,0,1,5,0,0,2,0,0,2,Commodities
691,0,1,4,7,0,9,1,6,3,0,0,0,1,4,0,1,4,0,0,1,Commodities
692,0,0,2,3,0,8,1,5,2,0,0,0,0,0,0,0,2,0,0,0,Commodities
693,0,1,6,3,0,6,1,2,3,0,0,0,1,3,0,1,2,0,0,1,Commodities
694,19,32,60,339,0,301,467,35,61,136,3,198,15,57,57,47,75,52,3,83,Commodities
695,2,0,6,7,0,4,1,8,11,0,0,0,4,13,0,0,9,0,0,6,Commodities
696,2,1,21,26,0,22,9,8,12,5,0,15,6,18,1,1,11,0,0,4,Commodities
697,0,1,5,4,0,15,3,3,2,0,0,0,0,1,1,0,1,0,0,0,Commodities
698,3,1,16,35,0,37,38,4,5,10,1,8,1,1,4,2,12,1,1,1,Commodities
699,44,91,191,377,1,329,375,79,64,121,109,282,66,65,69,79,61,37,110,111,Commodities
700,0,1,15,41,0,62,63,10,6,13,0,6,2,9,7,12,5,5,0,3,Commodities
701,38,85,197,319,0,334,383,59,82,105,87,244,57,68,58,66,71,41,84,104,Commodities
702,2,0,2,2,0,4,1,3,3,1,0,0,1,4,0,0,2,0,0,2,Commodities
703,0,0,0,2,0,8,2,4,1,0,0,0,0,0,0,0,2,0,0,0,Commodities
704,53,48,89,251,2,220,202,59,46,78,137,182,67,35,27,70,14,46,137,75,Commodities
705,39,64,123,226,2,204,194,46,39,52,48,112,43,38,30,46,56,22,47,39,Commodities
706,0,0,0,2,0,7,2,5,1,0,0,0,1,0,0,0,2,0,0,0,Commodities
707,2,1,10,26,0,18,18,8,1,7,0,3,3,1,3,2,4,1,0,0,Commodities
708,14,3,23,70,0,58,96,7,7,29,1,47,2,10,13,11,18,3,1,18,Commodities
709,56,100,147,292,2,263,232,61,63,77,143,161,87,50,36,78,63,32,130,68,Commodities
710,71,81,125,311,3,296,284,62,47,89,49,194,61,49,51,77,49,44,47,59,Commodities
711,0,1,6,9,0,8,1,8,3,0,0,0,2,6,1,1,5,0,0,2,Commodities
712,2,1,7,26,0,18,9,8,2,6,0,1,3,1,3,2,7,1,0,0,Commodities
713,0,1,4,7,0,7,1,5,3,1,0,0,1,4,1,1,4,0,0,1,Commodities
714,5,10,53,131,0,52,58,38,27,22,11,67,15,17,19,4,27,5,12,14,Commodities
715,2,0,2,3,0,4,1,4,3,0,0,0,1,5,0,0,2,0,0,2,Commodities
716,30,72,133,245,3,248,202,36,29,67,54,150,50,29,32,44,34,30,56,42,Commodities
717,47,103,208,407,1,354,400,76,53,127,199,275,76,59,62,81,58,62,164,127,Commodities
718,53,93,111,291,4,229,160,56,40,57,51,124,66,37,34,62,46,24,49,41,Commodities
719,5,3,20,50,0,50,50,10,14,11,1,14,4,8,9,23,22,4,1,2,Commodities
720,56,142,273,570,4,571,528,108,165,241,277,381,84,74,100,69,117,94,269,183,Commodities
721,44,87,96,292,4,219,168,64,40,70,45,166,69,39,34,63,46,24,47,43,Commodities
722,2,0,3,1,0,4,1,4,3,0,0,0,1,5,0,0,3,0,0,2,Commodities
723,44,72,168,270,14,283,303,60,72,79,2,163,25,40,52,59,50,42,2,38,Commodities
724,0,1,4,6,0,27,5,5,1,0,0,0,0,2,0,0,1,0,0,0,Commodities
725,28,85,110,207,3,191,157,52,28,58,195,103,74,25,40,39,29,104,198,50,Commodities
726,5,0,5,9,0,9,2,18,10,1,0,9,2,7,12,1,18,0,0,7,Commodities
727,12,17,55,141,0,55,75,58,29,36,2,106,14,25,28,10,31,23,2,19,Commodities
728,47,116,178,533,3,484,541,93,104,207,249,365,74,61,108,62,113,92,247,166,Commodities
729,45,87,124,291,4,236,193,53,49,61,48,164,66,38,33,67,54,3,44,44,Commodities
730,39,25,89,215,1,170,137,47,36,42,11,123,45,25,13,49,12,18,8,28,Commodities
731,36,62,126,236,1,199,191,64,47,51,47,113,40,56,30,42,63,25,54,42,Commodities
732,0,2,1,2,0,6,1,3,1,0,0,0,1,0,0,0,1,0,0,0,Commodities
733,2,0,5,4,0,4,1,5,4,2,0,0,2,5,0,0,2,0,0,2,Commodities
734,3,0,7,5,0,4,1,4,5,0,0,0,0,10,0,0,5,0,0,4,Commodities
735,0,1,0,3,0,8,2,3,2,1,0,0,0,0,0,1,1,0,0,0,Commodities
736,2,0,4,1,0,4,1,4,4,0,0,0,1,5,0,0,3,0,0,2,Commodities
737,50,65,139,306,2,297,267,66,67,84,110,176,77,43,29,78,49,42,106,68,Commodities
738,42,80,112,278,4,236,199,49,45,69,56,320,69,39,49,72,51,20,53,52,Commodities
739,0,0,0,0,0,0,0,0,0,0,0,0,0,0,0,0,0,0,0,0,Commodities
740,0,1,4,7,0,13,1,10,1,0,0,0,2,8,1,1,5,0,0,2,Commodities
741,13,3,23,66,0,59,93,7,8,28,1,44,2,10,14,10,17,3,1,18,Commodities
742,37,47,80,208,2,173,170,46,37,63,61,114,64,40,23,50,41,26,59,41,Commodities
743,3,1,8,24,0,20,16,6,3,5,0,0,3,2,2,3,3,1,0,0,Commodities
744,2,1,8,16,0,17,8,4,2,5,0,2,3,1,3,0,3,1,0,0,Commodities
745,2,0,13,5,0,4,1,12,12,0,0,0,4,17,0,0,11,0,0,6,Commodities
746,0,0,1,1,0,10,1,5,2,0,0,0,0,0,0,0,2,0,0,0,Commodities
747,0,0,8,3,0,13,2,6,1,0,0,0,1,0,0,0,2,0,0,0,Commodities
748,1,1,13,3,0,7,2,3,5,0,0,5,2,5,0,1,3,1,0,2,Commodities
749,2,0,4,5,0,4,1,5,5,0,0,0,2,6,0,0,4,0,0,3,Commodities
750,10,3,15,50,0,48,74,8,9,23,0,46,1,10,9,11,11,2,0,17,Commodities
751,0,1,3,6,0,8,1,6,4,1,0,0,1,5,1,1,4,0,0,1,Commodities
752,0,0,2,2,0,10,1,5,2,0,0,0,0,0,1,0,3,0,0,0,Commodities
753,2,0,2,1,0,4,1,4,4,0,0,0,1,5,0,0,2,0,0,2,Commodities
754,5,5,11,25,1,78,31,31,7,2,31,8,26,2,4,5,17,8,37,8,Commodities
755,36,87,114,209,3,226,218,63,40,61,200,77,55,32,47,41,27,190,194,50,Commodities
756,2,0,1,1,0,4,1,3,3,0,0,0,1,4,0,0,2,0,0,2,Commodities
757,46,76,165,301,1,317,350,70,105,102,124,223,62,46,66,66,151,69,117,135,Commodities
758,0,1,4,8,0,24,3,5,1,0,0,0,0,2,0,0,1,0,0,0,Commodities
759,0,1,3,13,0,5,1,4,2,1,0,7,1,0,0,1,1,0,0,0,Commodities
760,35,95,85,284,5,225,146,63,33,62,56,173,67,28,43,50,39,34,50,40,Commodities
761,2,0,2,2,0,4,1,4,3,0,0,0,1,5,0,0,3,0,0,2,Commodities
762,0,1,1,2,0,2,1,3,2,1,0,0,0,4,0,0,2,0,0,1,Commodities
763,103,178,176,609,5,540,561,119,106,259,102,369,89,79,129,88,124,229,114,163,Commodities
764,93,185,186,636,5,591,636,106,109,258,246,413,85,92,143,101,147,125,276,191,Commodities
765,37,71,226,418,3,319,372,80,74,128,54,339,61,64,68,65,53,22,44,100,Commodities
766,71,160,196,572,5,547,569,113,104,235,209,384,82,79,130,81,140,116,242,171,Commodities
767,0,1,10,13,0,11,1,5,5,0,0,0,2,6,1,0,6,0,0,2,Commodities
768,17,24,44,168,1,60,81,48,32,28,0,58,31,13,20,23,28,18,0,14,Commodities
769,27,51,82,213,3,199,157,42,36,50,59,108,49,20,35,32,37,84,54,28,Commodities
770,0,2,5,10,0,36,11,7,2,2,0,4,1,2,1,4,9,0,0,2,Commodities
771,46,103,161,364,2,290,253,102,54,103,117,491,97,43,46,88,53,25,119,61,Commodities
772,5,7,55,109,0,31,76,27,17,24,0,97,15,7,25,3,25,4,0,23,Commodities
773,0,1,2,3,0,4,1,2,0,0,0,0,0,1,1,1,1,0,0,0,Commodities
774,0,0,2,3,0,9,2,5,1,0,0,0,0,0,0,0,2,0,0,0,Commodities
775,4,9,43,94,0,27,52,33,15,19,0,53,13,12,16,2,22,4,0,9,Commodities
776,5,26,17,86,0,35,10,8,3,16,0,14,16,2,3,12,5,4,0,10,Commodities
777,55,94,107,238,2,193,214,38,40,69,197,102,52,34,48,52,43,117,196,67,Commodities
778,0,1,4,6,0,9,1,6,4,0,0,0,1,4,1,0,4,0,0,1,Commodities
779,0,0,0,3,0,8,1,5,3,0,0,0,0,0,0,0,1,0,0,0,Commodities
780,0,1,8,12,0,13,1,17,2,0,0,5,2,10,2,1,10,0,0,3,Commodities
781,1,1,14,11,0,15,1,7,5,2,0,1,1,5,0,0,3,2,0,2,Commodities
782,38,59,97,260,3,216,163,43,33,53,47,101,51,28,32,57,36,23,47,39,Commodities
783,2,0,1,3,0,4,1,4,3,0,0,0,1,5,0,0,3,0,0,2,Commodities
784,17,3,22,55,0,57,90,8,9,28,1,49,2,10,15,12,15,4,1,14,Commodities
785,8,18,18,55,1,16,2,18,9,9,0,16,25,8,2,10,10,2,0,5,Commodities
786,51,90,112,303,4,241,184,49,42,60,48,156,61,38,41,63,50,22,46,48,Commodities
787,2,0,3,1,0,4,1,4,4,0,0,0,1,5,0,0,3,0,0,2,Commodities
788,4,15,48,125,0,43,63,53,17,26,5,63,10,15,22,3,20,6,5,9,Commodities
789,0,1,4,6,0,8,1,5,2,0,0,0,1,4,1,1,5,0,0,1,Commodities
790,19,48,65,210,1,127,117,47,36,33,1,76,34,38,25,47,36,6,1,29,Commodities
791,5,0,11,10,0,7,1,17,9,1,0,10,4,10,5,1,10,0,0,1,Commodities
792,5,1,11,12,0,13,9,6,2,7,0,1,3,1,3,1,1,1,0,0,Commodities
793,23,27,10,99,3,64,86,18,10,33,0,71,23,10,13,30,7,5,0,21,Commodities
794,83,180,151,638,3,592,730,106,123,242,98,357,79,83,153,136,121,145,104,152,Commodities
795,73,176,164,639,3,528,642,101,114,237,85,367,69,88,144,115,115,113,87,157,Commodities
796,2,0,5,2,0,4,1,5,4,0,0,0,1,5,0,0,3,0,0,2,Commodities
797,12,3,27,65,0,58,91,9,9,29,1,43,5,10,13,11,17,3,1,18,Commodities
798,0,1,6,6,0,6,1,5,2,0,0,0,1,4,1,1,2,0,0,1,Commodities
799,2,0,5,2,0,4,1,4,4,0,0,0,1,5,0,0,3,0,0,2,Commodities
800,92,228,272,995,2,759,866,130,145,343,308,510,79,130,222,133,232,221,315,258,Commodities
801,66,154,151,533,2,537,558,94,89,229,196,370,69,70,119,78,141,112,233,171,Commodities
802,42,62,106,242,3,234,205,41,48,62,179,135,67,39,24,75,49,28,143,59,Commodities
803,0,1,3,3,0,12,2,4,3,0,0,0,0,0,0,0,2,0,0,0,Commodities
804,2,0,12,7,0,6,1,11,6,0,0,7,1,7,2,0,6,18,0,2,Commodities
805,19,42,62,183,3,175,122,40,19,50,66,63,34,19,27,31,33,91,66,26,Commodities
806,0,1,4,4,0,3,1,5,2,0,0,0,0,4,0,0,2,0,0,1,Commodities
807,18,9,62,117,0,122,113,27,23,23,2,60,7,14,9,29,5,17,2,19,Commodities
808,0,1,7,10,0,9,1,10,2,0,0,1,2,6,1,1,6,0,0,2,Commodities
809,2,0,1,1,0,4,1,4,3,0,0,0,1,5,0,0,3,0,0,2,Commodities
810,65,96,156,536,3,551,590,100,104,241,218,386,76,78,115,74,152,103,252,169,Commodities
811,63,29,178,484,5,513,525,93,111,222,213,379,100,64,44,68,51,111,243,159,Commodities
812,0,1,8,11,0,10,1,12,3,0,0,1,2,8,1,1,6,0,0,2,Commodities
813,2,0,3,1,0,4,1,3,4,0,0,0,1,5,0,0,3,0,0,2,Commodities
814,92,177,187,648,5,562,621,106,112,277,213,416,84,81,138,103,142,109,242,192,Commodities
815,5,1,9,16,0,16,8,7,3,7,0,2,3,2,3,0,2,1,0,0,Commodities
816,94,66,118,685,2,475,708,101,123,232,16,305,39,68,115,61,243,140,15,118,Commodities
817,53,103,149,325,1,297,239,67,62,77,165,144,81,40,38,78,51,44,145,71,Commodities
818,2,0,2,2,0,4,1,4,4,0,0,0,1,5,0,0,3,0,0,2,Commodities
819,37,75,147,304,3,321,276,57,46,86,45,196,53,50,41,50,49,22,42,60,Commodities
820,0,1,7,5,0,9,1,6,3,0,0,0,1,4,1,1,3,0,0,1,Commodities
821,14,3,26,71,0,63,99,9,9,29,1,47,2,10,14,11,18,3,1,18,Commodities
822,2,0,8,11,0,4,1,17,11,1,0,12,4,15,3,0,11,0,0,5,Commodities
823,25,36,65,201,3,189,147,44,27,57,66,354,42,23,33,38,37,79,63,31,Commodities
824,0,1,14,21,0,19,1,25,3,1,0,0,6,23,1,1,14,0,0,6,Commodities
825,52,82,110,304,4,243,183,68,42,60,54,168,68,40,36,64,49,24,48,49,Commodities
826,58,76,108,286,4,267,196,64,42,69,52,121,58,26,35,56,49,34,51,43,Commodities
827,52,94,124,322,4,239,193,57,62,68,38,198,64,34,39,66,42,23,40,48,Commodities
828,46,85,110,272,4,228,158,46,32,57,39,118,62,28,30,64,38,23,38,38,Commodities
829,2,6,27,50,0,41,39,17,13,9,2,26,4,8,5,6,12,0,4,10,Commodities
830,27,17,115,172,4,219,203,45,40,73,80,175,37,48,11,35,12,94,78,85,Commodities
831,19,9,40,86,1,77,86,15,11,21,24,26,18,7,9,7,24,4,23,16,Commodities
832,2,0,2,1,0,4,1,5,3,0,0,0,1,5,0,0,4,0,0,2,Commodities
833,59,152,175,563,3,549,570,103,102,241,183,380,66,67,129,75,112,112,194,166,Commodities
834,4,1,27,50,0,69,53,14,8,13,0,27,4,2,7,4,7,2,0,4,Commodities
835,13,8,24,68,0,60,92,7,10,29,3,44,2,10,13,11,18,4,3,18,Commodities
836,67,157,174,553,3,520,552,99,99,224,194,363,83,70,109,75,137,121,224,164,Commodities
837,42,83,119,291,4,233,191,63,48,70,42,147,67,42,35,66,55,20,39,44,Commodities
838,34,57,98,199,3,201,158,37,32,45,37,219,37,30,38,46,35,21,37,36,Commodities
839,0,1,8,8,0,7,1,3,7,0,0,0,1,5,0,0,3,0,0,1,Commodities
840,69,166,186,563,5,528,561,103,105,235,209,373,88,72,123,77,141,111,241,170,Commodities
841,0,1,7,10,0,12,1,6,4,5,0,1,1,0,3,1,2,0,0,0,Commodities
842,43,54,123,232,3,216,205,44,40,45,44,141,44,36,35,39,47,29,40,44,Commodities
843,0,0,2,11,0,10,9,5,1,2,0,5,1,1,1,0,1,0,0,0,Commodities
844,13,2,4,5,0,7,9,5,2,0,0,0,0,0,0,0,2,0,0,0,Commodities
845,0,0,1,11,0,2,14,2,1,5,0,14,1,0,2,2,1,0,0,3,Commodities
846,0,1,1,3,0,10,2,3,2,0,0,0,0,1,0,0,2,0,0,0,Commodities
847,58,154,270,548,3,640,567,103,210,233,178,371,59,74,127,79,112,114,189,163,Commodities
848,46,63,123,247,3,226,191,47,28,54,53,143,40,36,35,46,54,2,50,42,Commodities
849,0,1,36,10,0,11,1,10,3,0,0,0,2,8,1,1,6,0,0,2,Commodities
850,52,77,131,327,4,298,256,70,52,79,48,181,67,43,41,75,48,31,45,50,Commodities
851,3,5,35,100,0,44,68,38,16,27,0,60,12,12,7,2,12,9,1,11,Commodities
852,2,1,10,17,0,19,11,5,3,2,0,2,2,0,0,5,3,1,0,2,Commodities
853,52,73,144,313,4,271,222,57,49,65,53,173,64,41,32,68,54,1,52,44,Commodities
854,63,108,199,416,1,343,308,94,66,148,150,260,98,65,64,90,63,46,138,101,Commodities
855,27,55,90,223,3,197,131,44,31,43,70,78,37,21,31,30,34,87,65,27,Commodities
856,52,82,172,367,2,339,391,79,70,104,127,292,65,52,56,64,78,60,121,165,Commodities
857,39,71,168,351,3,316,348,64,66,117,57,246,50,61,61,57,51,23,49,89,Commodities
858,61,80,220,503,2,450,543,69,83,194,223,318,57,83,89,64,138,74,248,175,Commodities
859,2,0,1,1,0,4,1,5,4,0,0,0,1,5,0,0,3,0,0,2,Commodities
860,4,2,36,109,0,46,53,40,20,23,0,51,14,13,20,2,38,8,1,11,Commodities
861,54,109,188,380,1,285,300,69,54,103,93,220,82,55,59,83,86,44,100,81,Commodities
862,44,31,153,329,2,328,306,65,71,106,151,218,79,45,35,83,46,49,134,86,Commodities
863,15,31,112,342,0,266,395,45,60,116,1,220,20,43,49,34,71,45,2,73,Commodities
864,30,46,75,197,3,194,131,39,28,51,69,71,31,19,27,33,31,81,59,26,Commodities
865,98,218,206,700,2,638,754,126,117,276,207,429,90,97,170,132,164,156,232,222,Commodities
866,2,1,5,15,0,15,8,8,3,6,0,2,4,1,3,1,2,0,0,0,Commodities
867,0,0,1,2,0,8,1,5,1,0,0,0,0,0,0,0,2,0,0,0,Commodities
868,0,1,3,6,0,10,1,6,2,1,0,0,1,4,1,1,3,0,0,1,Commodities
869,59,148,165,438,2,295,307,83,67,110,134,303,99,56,67,92,55,45,107,84,Commodities
870,0,0,1,6,0,6,7,0,1,3,0,2,0,0,0,0,2,0,0,0,Commodities
871,44,18,136,457,3,493,487,82,162,194,75,336,58,59,56,55,60,93,86,110,Commodities
872,15,33,75,353,0,312,428,41,72,124,0,224,16,48,52,28,73,35,2,79,Commodities
873,0,0,5,3,0,9,3,5,1,0,0,0,0,0,0,0,2,0,0,0,Commodities
874,0,1,9,11,0,12,1,7,5,3,0,2,2,0,4,1,1,0,0,0,Commodities
875,5,7,42,122,0,47,69,35,16,23,4,63,11,11,16,3,23,6,1,12,Commodities
876,2,0,1,1,0,4,1,4,4,0,0,0,1,5,0,0,3,0,0,2,Commodities
877,2,1,11,24,0,22,18,9,3,5,0,2,3,1,2,4,3,3,0,0,Commodities
878,42,93,204,387,1,373,471,78,79,138,83,308,76,67,78,74,68,42,88,127,Commodities
879,37,50,122,216,3,182,161,64,51,44,45,114,44,67,27,43,45,21,39,45,Commodities
880,2,0,0,1,0,5,1,4,3,1,0,0,2,5,0,0,5,0,0,1,Commodities
881,5,4,43,105,0,32,63,27,15,21,0,69,10,10,18,2,24,7,1,17,Commodities
882,10,6,17,49,0,48,80,8,9,23,0,47,1,10,10,12,9,6,0,16,Commodities
883,49,79,163,246,2,236,235,47,35,57,117,184,59,38,38,55,47,37,107,64,Commodities
884,52,92,112,291,4,232,158,50,39,56,51,148,59,36,36,61,47,25,51,39,Commodities
885,15,34,26,85,1,16,3,28,16,13,0,20,29,16,10,13,19,3,0,8,Commodities
886,4,1,15,35,0,30,60,6,8,22,1,38,4,3,11,7,10,0,1,15,Commodities
887,41,13,122,404,5,443,506,73,87,200,199,341,70,75,47,47,33,96,221,190,Commodities
888,207,16,81,322,0,86,297,46,45,91,0,140,22,27,57,44,128,24,0,39,Commodities
889,2,0,1,2,0,4,1,3,4,0,0,0,1,5,0,0,3,0,0,2,Commodities
890,6,3,18,42,0,60,68,8,7,17,0,44,1,12,8,13,11,2,0,16,Commodities
891,53,100,158,405,2,319,331,101,70,127,138,253,81,66,70,90,64,39,130,104,Commodities
892,2,0,3,1,0,4,1,4,4,0,0,0,1,5,0,0,3,0,0,2,Commodities
893,33,78,138,266,3,226,217,60,52,64,125,162,51,47,40,54,49,29,127,59,Commodities
894,39,124,365,502,1,406,424,93,95,142,152,281,55,62,66,104,69,47,152,120,Commodities
895,5,5,46,100,0,28,49,35,17,25,0,53,13,20,17,4,23,5,0,10,Commodities
896,76,164,175,549,3,531,551,87,91,219,194,369,81,72,111,76,145,114,227,165,Commodities
897,3,1,10,31,0,23,15,4,3,1,0,0,2,2,2,3,3,1,0,1,Commodities
898,12,31,19,72,1,12,2,27,6,13,0,15,23,9,8,6,17,3,0,10,Commodities
899,22,2,21,27,17,26,6,12,8,5,20,3,23,1,15,9,18,2,17,6,Arch Engineering
900,255,30,70,291,267,66,19,32,21,71,68,137,30,16,31,42,130,31,65,39,Arch Engineering
901,16,1,4,28,58,12,13,5,6,20,0,52,2,4,14,12,7,0,0,18,Arch Engineering
902,25,3,21,49,15,40,34,26,8,20,1,15,26,12,18,3,19,0,0,9,Arch Engineering
903,8,0,4,4,3,4,1,4,3,0,2,0,2,1,0,0,3,0,2,0,Arch Engineering
904,271,56,115,355,375,83,64,68,55,112,18,191,57,30,60,66,183,36,18,68,Arch Engineering
905,28,7,32,69,21,59,26,32,25,30,32,32,54,3,6,15,8,9,23,8,Arch Engineering
906,280,44,82,324,308,104,86,55,38,95,146,175,42,31,56,60,156,43,140,53,Arch Engineering
907,61,12,44,63,14,97,43,24,45,49,1,19,27,8,63,24,97,45,1,71,Arch Engineering
908,84,88,126,593,48,595,731,66,95,258,192,462,62,214,143,74,322,135,220,260,Arch Engineering
909,271,34,56,311,334,75,51,40,37,93,78,193,11,84,47,52,167,30,72,37,Arch Engineering
910,0,1,3,2,0,7,1,5,1,2,0,2,0,0,1,0,2,0,0,0,Arch Engineering
911,110,75,128,553,93,459,668,81,94,241,225,380,83,258,110,53,277,105,265,176,Arch Engineering
912,30,43,13,117,11,36,27,24,25,25,2,31,41,3,12,47,13,7,2,2,Arch Engineering
913,343,101,86,466,452,144,99,68,72,165,152,282,67,183,63,103,220,92,144,82,Arch Engineering
914,94,92,139,565,186,513,610,80,138,224,238,335,70,67,111,70,351,92,261,197,Arch Engineering
915,13,3,21,21,16,17,13,14,17,6,32,1,23,0,0,2,10,0,36,6,Arch Engineering
916,12,0,1,2,55,4,2,5,6,12,0,40,2,6,0,0,2,25,0,14,Arch Engineering
917,74,68,95,227,25,94,47,64,49,63,70,71,86,12,25,81,58,17,62,21,Arch Engineering
918,0,1,3,5,0,6,1,2,3,1,0,0,0,2,1,0,4,0,0,0,Arch Engineering
919,314,44,79,352,403,81,34,48,43,107,3,202,43,33,38,58,107,41,3,74,Arch Engineering
920,282,42,138,410,336,125,106,69,71,117,1,229,58,59,59,58,166,37,1,65,Arch Engineering
921,16,4,14,36,5,18,14,8,8,10,0,4,5,6,4,10,15,2,0,0,Arch Engineering
922,286,44,63,378,308,84,63,48,32,97,28,179,32,68,44,67,150,25,25,23,Arch Engineering
923,177,83,136,580,51,670,720,62,82,257,168,408,40,285,130,75,444,132,191,255,Arch Engineering
924,18,2,12,35,5,9,24,5,10,12,0,8,4,5,2,8,12,0,0,0,Arch Engineering
925,271,50,90,345,322,80,57,53,38,103,173,234,43,31,52,43,147,36,158,81,Arch Engineering
926,288,49,61,367,316,87,71,46,32,103,31,183,27,67,44,66,146,21,30,21,Arch Engineering
927,12,0,5,4,10,6,1,3,5,1,3,2,4,4,0,1,10,0,6,0,Arch Engineering
928,184,88,145,596,64,695,730,66,88,261,172,419,81,311,133,75,506,132,199,258,Arch Engineering
929,4,2,2,5,5,1,1,2,3,0,0,0,0,0,0,0,3,0,0,0,Arch Engineering
930,13,4,12,31,5,49,49,15,15,21,3,13,8,7,23,11,39,8,7,24,Arch Engineering
931,21,11,15,34,8,40,14,14,7,17,0,12,7,6,13,26,15,5,0,2,Arch Engineering
932,7,0,1,1,2,3,1,4,4,0,0,0,1,1,0,0,3,0,0,0,Arch Engineering
933,120,91,135,585,68,617,715,66,101,262,194,429,75,236,139,87,341,133,226,265,Arch Engineering
934,357,35,98,385,469,78,56,52,63,128,112,305,17,122,87,53,259,40,105,72,Arch Engineering
935,283,45,106,390,385,127,99,59,59,104,4,194,48,26,63,69,192,33,3,57,Arch Engineering
936,41,23,86,115,40,125,63,77,49,55,7,19,65,3,79,13,96,22,3,50,Arch Engineering
937,16,4,12,33,3,15,16,5,7,8,0,3,3,3,4,8,9,1,0,0,Arch Engineering
938,267,47,86,330,321,70,54,45,38,95,147,220,27,29,49,44,151,36,140,67,Arch Engineering
939,238,26,61,305,326,74,51,40,30,79,35,156,14,68,43,53,154,17,34,36,Arch Engineering
940,7,3,8,19,6,2,2,5,13,4,4,3,2,0,1,3,6,0,6,1,Arch Engineering
941,233,32,58,305,319,80,53,42,27,84,39,162,16,68,43,55,155,19,39,36,Arch Engineering
942,272,33,66,326,353,86,64,42,45,100,123,227,8,130,59,53,184,42,123,52,Arch Engineering
943,0,1,3,5,0,7,1,2,3,0,0,0,0,0,1,0,3,0,0,0,Arch Engineering
944,63,20,44,75,49,57,45,48,15,25,48,43,51,6,42,7,70,4,49,31,Arch Engineering
945,0,1,4,6,0,7,1,6,2,0,0,0,1,3,1,1,4,0,0,1,Arch Engineering
946,16,1,13,12,4,6,1,8,11,3,0,6,3,0,14,3,11,1,0,6,Arch Engineering
947,13,2,9,16,8,18,2,6,7,7,0,4,3,0,5,6,8,0,0,2,Arch Engineering
948,321,78,102,390,414,110,78,61,62,139,133,238,41,147,52,76,196,68,130,83,Arch Engineering
949,259,468,850,631,312,171,46,27,217,66,2,129,6,16,37,55,395,15,2,68,Arch Engineering
950,294,63,103,409,314,129,95,60,54,111,169,262,56,45,57,75,170,50,177,72,Arch Engineering
951,8,2,8,11,8,8,4,6,2,2,3,2,8,0,0,2,5,0,4,0,Arch Engineering
952,33,80,47,167,12,45,15,31,8,25,15,48,55,5,14,31,20,4,8,8,Arch Engineering
953,13,10,32,53,11,32,10,17,16,13,30,7,27,7,3,3,19,1,30,10,Arch Engineering
954,28,1,9,23,35,5,4,7,5,7,3,20,0,6,5,3,19,4,3,0,Arch Engineering
955,0,1,6,4,0,7,1,5,2,0,0,0,1,3,1,1,4,0,0,1,Arch Engineering
956,20,1,16,20,18,32,24,30,34,18,0,6,22,4,15,18,46,9,0,1,Arch Engineering
957,13,2,15,28,3,14,17,8,8,15,0,6,4,5,4,6,12,0,0,0,Arch Engineering
958,278,54,69,397,389,104,94,52,44,123,114,220,36,109,62,78,154,54,107,81,Arch Engineering
959,69,134,164,313,55,227,142,127,88,126,1,94,223,15,112,122,183,45,1,122,Arch Engineering
960,7,0,2,2,3,3,1,3,4,0,0,0,2,1,0,0,4,0,0,0,Arch Engineering
961,324,99,82,458,411,123,69,68,61,131,5,226,59,24,54,104,166,50,3,63,Arch Engineering
962,119,76,122,545,94,459,669,79,93,235,226,379,80,259,113,56,281,104,267,178,Arch Engineering
963,273,58,96,392,316,165,85,65,63,118,145,176,58,22,52,89,160,58,144,52,Arch Engineering
964,298,112,147,484,353,165,82,63,84,122,212,221,66,23,83,64,231,72,189,126,Arch Engineering
965,37,3,29,52,26,21,2,14,11,15,0,20,12,5,8,5,18,4,0,1,Arch Engineering
966,21,2,28,44,5,26,3,13,10,7,0,2,8,8,4,1,15,4,0,1,Arch Engineering
967,0,0,3,3,0,6,1,5,1,2,0,1,0,0,1,1,3,0,0,0,Arch Engineering
968,18,1,19,33,16,23,7,13,7,3,0,2,21,2,6,2,16,2,0,2,Arch Engineering
969,11,1,6,8,3,5,1,3,4,0,0,2,2,1,0,0,3,0,0,0,Arch Engineering
970,292,26,75,335,327,86,64,42,56,101,144,196,37,95,78,52,188,58,143,58,Arch Engineering
971,8,2,3,7,1,3,1,5,3,0,0,0,2,1,0,0,3,0,0,0,Arch Engineering
972,124,77,124,543,93,462,670,80,93,234,221,380,80,256,116,54,277,112,264,185,Arch Engineering
973,294,99,61,373,304,119,75,100,45,134,162,249,113,32,25,72,44,46,151,71,Arch Engineering
974,283,52,69,378,400,145,66,46,40,115,1,219,33,18,59,64,160,9,0,84,Arch Engineering
975,288,62,71,401,385,95,79,58,46,122,160,235,52,112,53,78,163,44,159,83,Arch Engineering
976,78,59,109,559,96,483,652,71,154,206,86,344,58,188,123,53,332,79,97,148,Arch Engineering
977,13,1,8,22,10,10,1,9,4,9,0,2,4,2,4,2,6,1,0,0,Arch Engineering
978,302,46,96,339,386,87,84,53,50,108,115,215,18,57,59,63,193,66,120,67,Arch Engineering
979,21,6,30,56,15,17,3,13,8,8,24,7,16,2,2,1,16,2,22,8,Arch Engineering
980,289,102,73,497,302,106,72,82,44,119,143,220,121,33,46,87,106,48,131,59,Arch Engineering
981,33,14,58,98,17,38,12,33,12,30,60,29,41,2,17,3,21,1,57,31,Arch Engineering
982,22,2,25,43,7,15,2,11,8,4,0,2,5,2,4,2,14,3,0,1,Arch Engineering
983,160,86,139,582,51,671,708,68,90,253,155,401,61,300,130,70,482,133,170,250,Arch Engineering
984,86,71,125,525,67,417,640,79,86,211,190,335,58,217,105,51,268,82,218,170,Arch Engineering
985,264,32,59,246,299,122,91,62,37,122,167,262,70,37,27,30,42,40,167,81,Arch Engineering
986,96,93,128,573,68,699,720,65,95,257,187,426,83,459,137,71,657,128,220,261,Arch Engineering
987,302,47,69,333,357,145,70,59,38,118,5,219,33,22,54,63,134,13,2,89,Arch Engineering
988,342,92,91,475,451,150,88,67,72,169,147,323,70,191,65,98,233,75,137,88,Arch Engineering
989,22,1,14,19,10,18,1,9,4,25,0,6,10,2,6,7,7,1,0,0,Arch Engineering
990,110,95,150,557,105,554,629,74,131,227,250,361,89,69,134,62,417,106,278,198,Arch Engineering
991,28,4,26,54,58,10,5,16,16,15,28,26,19,16,5,0,25,0,20,5,Arch Engineering
992,23,4,22,43,8,22,13,7,8,8,0,6,4,3,5,9,11,2,0,0,Arch Engineering
993,16,9,34,52,17,27,17,26,13,13,38,7,35,0,2,2,15,2,34,15,Arch Engineering
994,31,4,25,59,62,20,8,19,18,16,30,27,20,14,4,4,30,0,28,10,Arch Engineering
995,35,23,32,96,28,74,69,36,19,35,30,20,40,5,33,14,25,12,27,17,Arch Engineering
996,5,2,3,6,5,1,1,3,3,0,0,0,1,0,0,0,4,0,0,0,Arch Engineering
997,242,24,49,275,279,68,55,41,32,81,99,193,7,43,44,52,148,30,104,47,Arch Engineering
998,69,59,91,537,69,415,639,58,74,197,62,296,20,118,109,60,208,87,74,127,Arch Engineering
999,297,193,82,620,304,141,74,99,48,130,148,245,134,19,74,123,158,48,136,65,Arch Engineering
1000,16,2,12,19,4,11,4,8,8,6,0,3,3,1,3,2,10,0,0,1,Arch Engineering
1001,24,2,13,31,12,10,15,7,9,9,0,20,5,5,6,6,17,0,0,1,Arch Engineering
1002,30,2,16,17,40,31,26,20,20,12,2,5,28,0,21,7,22,24,0,19,Arch Engineering
1003,32,4,26,61,63,18,7,22,17,20,38,29,21,15,7,0,33,0,33,11,Arch Engineering
1004,34,9,35,52,29,55,51,37,23,18,0,27,35,5,27,10,52,3,0,17,Arch Engineering
1005,87,76,101,633,159,571,717,72,98,251,2,393,48,90,133,101,252,139,2,228,Arch Engineering
1006,12,7,16,16,8,13,1,10,4,6,2,1,9,1,5,8,7,5,2,0,Arch Engineering
1007,9,0,2,2,2,3,1,6,3,0,0,0,3,2,0,0,2,0,0,0,Arch Engineering
1008,289,44,55,356,309,91,56,46,30,96,26,179,26,70,39,66,151,21,30,23,Arch Engineering
1009,10,3,13,20,5,14,1,8,6,8,0,1,4,9,3,1,24,2,0,0,Arch Engineering
1010,317,60,96,382,421,109,90,54,52,105,4,209,34,24,66,70,180,47,4,68,Arch Engineering
1011,15,6,26,60,11,16,5,15,7,15,32,11,21,2,2,0,10,0,29,13,Arch Engineering
1012,0,1,3,5,0,6,1,3,2,0,0,0,0,0,1,0,2,0,0,0,Arch Engineering
1013,21,3,23,23,15,33,23,18,14,7,0,3,26,6,8,8,18,3,0,9,Arch Engineering
1014,110,95,134,575,147,486,654,73,98,256,259,476,37,305,139,67,366,118,311,240,Arch Engineering
1015,277,47,96,355,387,88,57,52,88,130,163,257,32,73,68,65,189,45,159,72,Arch Engineering
1016,291,34,112,353,326,97,77,51,50,102,164,181,40,21,44,51,143,42,170,82,Arch Engineering
1017,18,4,23,37,13,15,9,8,10,4,23,2,19,0,2,3,20,1,23,8,Arch Engineering
1018,112,76,121,547,93,452,668,81,93,245,224,381,81,256,108,55,278,105,264,176,Arch Engineering
1019,295,34,70,310,385,91,38,52,44,114,7,196,45,33,38,60,75,40,7,78,Arch Engineering
1020,0,1,1,3,0,4,1,2,2,0,0,0,0,0,1,0,2,0,0,0,Arch Engineering
1021,19,3,29,55,4,28,1,11,14,6,0,1,6,1,5,0,10,3,0,0,Arch Engineering
1022,28,6,24,62,58,13,8,14,5,15,27,30,22,15,5,0,26,0,23,9,Arch Engineering
1023,23,4,18,35,15,22,29,8,6,9,1,8,3,7,5,23,16,7,1,2,Arch Engineering
1024,17,0,9,14,6,16,7,10,6,2,3,5,13,3,3,1,6,1,2,3,Arch Engineering
1025,85,89,130,593,47,612,767,69,99,263,183,461,75,210,159,80,319,138,210,259,Arch Engineering
1026,70,60,89,542,71,415,637,58,72,192,70,295,21,117,108,62,200,87,81,131,Arch Engineering
1027,21,20,69,101,17,41,21,30,51,32,78,19,55,0,11,0,30,0,90,31,Arch Engineering
1028,303,59,128,395,411,143,124,54,58,170,2,211,46,26,98,119,225,56,3,98,Arch Engineering
1029,24,12,16,37,3,37,14,12,8,27,0,9,13,2,13,31,12,17,0,2,Arch Engineering
1030,276,40,97,365,319,79,55,59,59,88,44,164,53,21,47,60,158,16,41,66,Arch Engineering
1031,11,8,18,19,9,15,1,10,4,12,2,2,10,1,4,9,10,5,2,0,Arch Engineering
1032,335,140,120,529,404,149,95,92,55,137,6,250,91,29,65,99,165,45,2,70,Arch Engineering
1033,64,95,119,506,19,654,620,65,78,206,163,285,65,279,92,67,564,110,192,208,Arch Engineering
1034,7,0,1,2,2,3,1,4,4,0,0,0,1,1,0,0,3,0,0,0,Arch Engineering
1035,17,31,52,69,18,81,74,27,28,31,3,18,48,6,40,12,38,9,5,36,Arch Engineering
1036,287,81,113,411,332,99,48,61,40,113,57,191,64,31,73,70,172,26,47,51,Arch Engineering
1037,282,45,95,410,84,82,378,65,67,99,142,206,34,114,72,54,207,42,137,53,Arch Engineering
1038,0,1,6,9,0,7,1,6,3,1,0,0,1,4,1,0,7,0,0,0,Arch Engineering
1039,0,1,3,6,0,6,1,2,2,0,0,0,0,0,1,0,3,0,0,0,Arch Engineering
1040,75,36,41,173,100,68,48,33,11,33,1,69,28,10,18,22,29,47,2,32,Arch Engineering
1041,276,58,89,380,304,121,86,63,55,109,144,184,48,20,47,69,165,48,141,50,Arch Engineering
1042,17,5,16,33,7,18,13,11,7,16,0,5,5,4,6,8,9,1,0,2,Arch Engineering
1043,80,68,109,476,77,409,568,67,77,205,188,322,46,189,81,54,220,85,215,161,Arch Engineering
1044,39,127,23,301,6,81,30,59,8,50,1,91,107,10,24,59,20,12,0,14,Arch Engineering
1045,98,20,34,211,76,140,101,53,17,61,25,114,75,13,14,42,21,12,27,53,Arch Engineering
1046,287,43,67,356,308,87,54,50,38,96,22,221,31,59,49,62,147,23,26,23,Arch Engineering
1047,14,12,15,36,0,54,35,19,7,12,1,10,5,1,10,26,29,6,1,5,Arch Engineering
1048,61,83,115,471,10,451,587,61,63,194,220,285,55,62,98,57,201,105,241,186,Arch Engineering
1049,17,2,13,21,8,10,1,7,6,9,0,3,4,3,2,3,9,0,0,2,Arch Engineering
1050,16,5,21,20,5,20,1,13,12,9,0,3,12,2,9,3,31,1,0,6,Arch Engineering
1051,24,4,27,36,15,42,33,24,22,15,25,11,29,2,18,6,18,4,29,19,Arch Engineering
1052,116,99,145,584,152,471,666,84,104,258,267,477,44,295,140,68,315,120,316,239,Arch Engineering
1053,11,5,10,14,8,13,2,6,4,10,0,1,4,0,4,6,6,3,0,0,Arch Engineering
1054,84,92,129,569,43,656,706,66,89,246,189,441,53,295,136,69,505,125,214,252,Arch Engineering
1055,276,24,58,288,301,68,29,38,25,78,64,151,26,28,31,41,140,13,59,30,Arch Engineering
1056,11,1,10,31,6,20,16,10,4,7,0,4,4,2,3,10,14,0,0,0,Arch Engineering
1057,15,4,16,41,5,22,16,8,11,14,0,5,5,2,7,8,13,0,0,0,Arch Engineering
1058,103,75,114,498,129,526,576,77,117,236,193,365,54,132,130,61,359,118,231,166,Arch Engineering
1059,12,3,8,33,6,26,28,6,6,9,0,4,3,2,3,9,8,5,1,1,Arch Engineering
1060,10,4,13,33,4,28,14,23,5,16,0,4,8,3,9,2,12,2,0,0,Arch Engineering
1061,69,60,91,542,69,420,639,59,75,195,67,299,29,121,111,65,206,87,81,129,Arch Engineering
1062,20,4,14,33,8,18,13,10,7,8,0,6,5,3,4,9,10,1,0,0,Arch Engineering
1063,288,97,75,403,298,148,94,103,43,139,176,292,122,38,42,78,59,48,175,79,Arch Engineering
1064,8,2,4,7,2,3,1,2,3,0,0,0,2,1,0,0,3,0,0,0,Arch Engineering
1065,309,120,68,509,363,174,73,78,37,122,1,249,85,21,66,100,177,27,0,79,Arch Engineering
1066,24,2,36,53,8,23,1,13,14,3,4,6,9,0,7,2,22,4,3,1,Arch Engineering
1067,98,90,136,580,68,593,718,69,98,258,188,427,82,236,139,75,326,129,216,262,Arch Engineering
1068,77,58,91,541,69,432,638,63,75,195,64,296,22,118,114,75,203,92,76,130,Arch Engineering
1069,248,74,79,361,264,99,76,55,43,100,151,185,61,31,51,63,153,41,149,55,Arch Engineering
1070,122,78,129,545,93,479,675,86,94,247,214,388,81,261,116,80,286,107,256,183,Arch Engineering
1071,3,1,10,13,0,25,5,8,2,8,0,1,7,0,2,0,3,0,0,2,Arch Engineering
1072,245,3,49,112,267,63,21,43,31,80,72,148,26,11,21,9,30,25,63,46,Arch Engineering
1073,15,2,16,25,4,8,3,7,6,8,0,2,4,1,6,4,10,1,0,2,Arch Engineering
1074,5,1,15,37,3,29,20,9,10,14,0,7,5,3,6,7,11,0,0,2,Arch Engineering
1075,13,7,23,26,19,40,21,25,12,9,16,2,33,3,13,5,25,4,11,10,Arch Engineering
1076,11,2,10,32,5,20,16,6,4,10,0,4,4,2,3,10,6,1,0,0,Arch Engineering
1077,294,49,100,353,337,88,73,61,48,106,180,255,53,32,59,44,162,37,170,90,Arch Engineering
1078,1,0,4,4,0,6,1,3,1,2,0,2,0,0,1,1,1,0,0,0,Arch Engineering
1079,297,131,113,494,318,118,71,77,50,113,153,221,88,31,59,84,169,43,149,63,Arch Engineering
1080,264,37,73,192,301,107,84,72,43,121,161,233,55,38,35,25,55,47,151,78,Arch Engineering
1081,20,11,58,85,22,53,18,24,28,14,40,14,27,4,9,19,50,5,38,34,Arch Engineering
1082,236,44,71,298,286,66,50,39,32,74,132,147,22,16,33,48,132,37,116,49,Arch Engineering
1083,283,52,83,349,386,80,55,65,49,133,2,197,50,26,51,92,202,91,1,40,Arch Engineering
1084,338,89,169,503,509,167,84,86,118,191,170,354,52,93,95,79,296,81,161,145,Arch Engineering
1085,257,27,74,306,372,68,65,48,48,101,29,197,18,69,50,53,175,40,31,48,Arch Engineering
1086,272,51,82,335,296,81,61,54,35,90,148,168,34,16,44,50,153,36,148,54,Arch Engineering
1087,0,1,3,6,0,7,1,3,3,1,0,0,0,1,1,0,2,0,0,0,Arch Engineering
1088,112,74,136,553,131,452,668,75,103,240,218,422,79,253,128,56,281,123,258,177,Arch Engineering
1089,258,37,59,306,313,87,73,63,33,103,45,201,51,19,39,55,60,29,48,41,Arch Engineering
1090,11,7,14,18,7,12,2,7,4,5,0,1,2,0,3,6,8,4,0,0,Arch Engineering
1091,315,79,82,408,405,107,71,60,56,120,5,214,37,24,53,82,159,45,3,64,Arch Engineering
1092,17,3,13,34,5,20,14,5,7,8,0,4,3,4,5,10,11,0,0,1,Arch Engineering
1093,267,42,98,209,294,138,119,82,53,124,161,205,72,27,46,44,51,50,134,92,Arch Engineering
1094,262,26,53,295,386,55,20,30,79,99,49,227,15,61,55,52,166,19,45,43,Arch Engineering
1095,15,3,15,24,14,31,13,13,4,8,1,6,26,3,7,2,19,0,1,4,Arch Engineering
1096,8,4,10,16,5,12,5,8,6,1,16,2,14,0,1,0,8,1,15,0,Arch Engineering
1097,5,1,5,5,0,10,1,4,3,3,0,3,0,0,1,1,5,0,0,0,Arch Engineering
1098,1,0,3,4,1,2,1,2,2,0,0,0,2,0,0,0,1,0,0,0,Arch Engineering
1099,16,3,19,30,6,18,15,6,7,7,0,5,4,3,3,6,9,0,0,1,Arch Engineering
1100,4,2,2,4,5,2,1,3,3,0,0,0,0,0,0,0,4,0,0,0,Arch Engineering
1101,275,80,103,464,312,175,133,59,52,131,142,208,47,34,86,65,219,50,139,88,Arch Engineering
1102,271,37,85,308,297,86,75,49,32,87,162,168,37,19,52,52,157,39,161,50,Arch Engineering
1103,279,33,67,306,301,70,60,51,62,81,87,161,9,106,45,51,200,43,76,41,Arch Engineering
1104,28,19,15,32,4,51,16,27,7,18,0,11,7,2,12,48,26,4,0,4,Arch Engineering
1105,17,1,11,18,5,11,3,6,7,6,0,3,2,1,3,3,8,0,0,1,Arch Engineering
1106,28,6,11,28,4,25,16,6,6,13,0,4,4,2,9,8,15,0,0,6,Arch Engineering
1107,319,77,87,383,421,105,67,43,57,134,121,232,8,140,52,72,190,65,116,80,Arch Engineering
1108,6,1,3,2,4,2,1,3,3,1,0,0,1,1,0,0,1,0,0,0,Arch Engineering
1109,18,29,43,72,24,26,17,23,28,16,42,12,43,0,5,3,29,0,37,20,Arch Engineering
1110,291,39,80,367,449,100,78,56,38,122,181,220,33,41,72,63,156,140,155,126,Arch Engineering
1111,23,7,18,22,15,11,2,7,6,11,0,4,8,0,6,7,8,4,0,0,Arch Engineering
1112,301,48,63,342,371,156,77,63,43,111,4,213,40,17,49,65,111,8,1,76,Arch Engineering
1113,296,45,105,377,323,105,64,62,39,91,178,180,45,35,43,51,162,40,175,60,Arch Engineering
1114,310,76,92,382,396,106,69,45,56,126,107,223,12,130,51,69,177,61,108,78,Arch Engineering
1115,263,18,48,282,328,46,74,64,31,79,1,146,136,16,31,50,139,12,1,21,Arch Engineering
1116,300,36,81,364,432,73,67,54,42,120,106,238,11,101,55,59,151,44,110,94,Arch Engineering
1117,283,50,68,389,350,92,42,59,37,102,52,218,41,41,47,69,154,25,42,33,Arch Engineering
1118,313,53,81,353,404,95,59,55,44,106,7,197,26,21,48,62,173,40,3,56,Arch Engineering
1119,11,1,7,28,6,20,12,10,5,12,0,5,5,2,3,3,10,0,0,1,Arch Engineering
1120,17,8,16,42,14,11,6,16,12,8,14,11,19,0,7,2,22,0,17,8,Arch Engineering
1121,11,2,13,30,6,23,16,14,6,7,0,4,4,2,6,10,7,0,0,0,Arch Engineering
1122,85,74,144,589,174,440,615,64,88,239,185,357,35,217,118,65,231,111,216,166,Arch Engineering
1123,144,65,152,528,144,479,577,88,89,283,180,396,60,193,129,51,306,86,203,174,Arch Engineering
1124,78,22,129,572,43,647,602,68,83,219,196,306,78,277,45,60,149,110,229,206,Arch Engineering
1125,21,5,35,45,17,29,12,22,24,10,27,9,15,0,5,2,27,0,24,13,Arch Engineering
1126,326,80,103,402,414,122,81,51,65,136,137,235,41,149,51,69,195,71,136,81,Arch Engineering
1127,17,5,13,37,6,21,14,6,9,8,0,5,5,3,5,8,9,0,0,2,Arch Engineering
1128,36,7,30,56,17,69,52,22,19,16,1,13,40,4,24,8,57,5,0,22,Arch Engineering
1129,303,50,92,339,347,82,71,52,52,92,127,201,36,92,51,64,188,46,128,56,Arch Engineering
1130,12,4,14,20,8,9,3,7,7,2,14,8,10,1,3,3,16,1,11,6,Arch Engineering
1131,331,89,128,468,502,160,79,64,100,171,168,337,51,94,88,78,233,80,169,147,Arch Engineering
1132,26,30,36,115,10,43,13,22,21,15,0,21,16,0,9,19,20,8,0,2,Arch Engineering
1133,20,3,50,69,14,36,14,12,24,3,41,1,23,0,3,3,19,3,28,12,Arch Engineering
1134,303,35,71,339,404,83,56,47,51,114,120,261,12,132,64,54,209,41,120,59,Arch Engineering
1135,292,60,64,398,383,107,91,66,48,123,163,237,56,113,59,79,167,46,161,80,Arch Engineering
1136,276,40,105,353,395,86,25,61,88,127,51,239,26,76,60,53,210,22,49,55,Arch Engineering
1137,269,20,68,213,281,100,56,68,33,123,72,176,53,19,20,36,44,33,67,77,Arch Engineering
1138,280,45,90,329,291,90,63,50,33,93,194,177,45,18,43,56,149,37,184,60,Arch Engineering
1139,269,35,71,322,387,62,20,40,79,108,49,238,16,62,56,54,189,22,50,50,Arch Engineering
1140,275,35,73,310,362,82,58,43,50,88,113,228,10,123,65,54,203,34,111,53,Arch Engineering
1141,35,3,24,42,39,22,14,12,7,16,0,21,9,7,9,17,25,4,0,4,Arch Engineering
1142,18,1,16,22,17,30,28,10,12,20,0,9,11,5,17,11,28,3,0,6,Arch Engineering
1143,14,2,9,19,3,15,6,7,7,8,0,2,4,3,5,4,9,0,0,0,Arch Engineering
1144,279,70,73,399,312,65,51,52,31,88,118,207,44,26,50,70,169,29,120,58,Arch Engineering
1145,241,35,65,328,343,92,70,45,33,96,47,184,17,69,57,56,172,22,46,55,Arch Engineering
1146,17,3,11,35,6,17,14,6,7,8,0,5,4,3,4,8,10,0,0,0,Arch Engineering
1147,270,30,59,294,301,63,25,36,26,80,63,148,20,28,29,44,154,13,62,25,Arch Engineering
1148,21,39,82,150,25,64,29,42,9,27,119,36,74,13,13,12,56,1,105,47,Arch Engineering
1149,8,1,3,5,8,12,2,3,1,0,1,0,1,0,1,3,9,1,1,2,Arch Engineering
1150,274,17,102,329,293,89,48,43,38,80,142,165,28,14,42,45,122,42,130,51,Arch Engineering
1151,13,4,12,33,3,20,17,5,8,8,0,5,3,2,5,9,7,1,0,1,Arch Engineering
1152,119,80,139,560,131,477,670,98,101,246,218,419,84,253,135,62,297,128,258,184,Arch Engineering
1153,265,11,61,158,280,79,46,47,35,90,162,180,33,29,9,29,42,43,153,52,Arch Engineering
1154,307,47,117,374,339,93,68,57,54,93,123,198,36,86,51,64,185,48,121,52,Arch Engineering
1155,8,2,5,7,2,3,1,3,3,0,0,0,2,1,0,1,3,0,0,0,Arch Engineering
1156,0,1,2,6,0,6,1,2,2,0,0,0,0,0,1,0,2,0,0,0,Arch Engineering
1157,9,1,6,13,28,16,1,6,8,9,0,38,2,9,9,3,6,1,0,1,Arch Engineering
1158,16,1,20,26,12,28,16,12,18,12,27,4,18,0,11,4,16,4,26,9,Arch Engineering
1159,293,20,92,312,363,54,64,37,47,93,1,162,8,20,39,68,165,21,1,47,Arch Engineering
1160,15,2,10,17,5,14,3,8,8,6,0,3,4,1,5,2,12,0,0,2,Arch Engineering
1161,321,93,114,400,414,133,103,58,66,140,2,219,62,37,96,73,201,46,2,94,Arch Engineering
1162,25,9,46,73,31,71,41,43,28,32,0,14,41,7,41,21,50,37,0,33,Arch Engineering
1163,14,2,9,19,3,15,7,7,7,6,0,3,3,3,4,6,8,0,0,2,Arch Engineering
1164,15,2,11,18,6,8,4,7,6,7,0,3,5,2,3,2,9,0,0,1,Arch Engineering
1165,7,0,6,5,5,4,1,4,3,0,0,0,2,1,0,0,4,0,0,0,Arch Engineering
1166,93,92,135,570,67,634,723,66,98,260,192,425,78,326,136,71,453,128,226,261,Arch Engineering
1167,284,41,48,346,378,124,40,43,36,103,0,205,20,17,44,54,151,15,0,67,Arch Engineering
1168,13,1,16,15,6,12,9,10,7,5,0,4,13,1,5,4,13,2,0,2,Arch Engineering
1169,31,18,70,113,14,42,11,30,52,21,73,21,40,2,15,6,42,2,64,37,Arch Engineering
1170,20,2,35,46,17,26,14,15,29,13,44,5,24,2,4,0,17,1,39,14,Arch Engineering
1171,20,3,23,32,23,20,18,10,5,9,0,8,8,7,8,16,25,5,0,8,Arch Engineering
1172,37,11,39,32,15,69,52,33,33,23,0,13,42,17,56,21,64,10,0,37,Arch Engineering
1173,0,1,2,5,0,6,1,2,1,0,0,0,0,0,1,0,2,0,0,0,Arch Engineering
1174,27,12,12,34,4,27,19,19,7,17,0,14,3,2,12,24,15,5,0,8,Arch Engineering
1175,288,50,75,362,305,93,53,51,43,93,33,218,31,63,47,62,156,30,36,24,Arch Engineering
1176,11,2,13,34,6,27,17,10,4,17,0,6,7,2,8,10,8,0,0,0,Arch Engineering
1177,22,4,20,46,8,20,14,11,7,11,0,6,7,3,4,5,14,4,0,1,Arch Engineering
1178,29,7,18,57,53,14,4,14,8,18,17,23,14,15,6,3,27,1,17,6,Arch Engineering
1179,277,34,59,288,338,86,81,47,44,128,104,208,12,56,57,58,163,58,95,65,Arch Engineering
1180,83,19,118,591,42,640,604,62,75,208,194,311,73,315,48,63,121,105,232,208,Arch Engineering
1181,67,13,63,87,44,107,78,62,30,47,50,17,61,10,45,30,99,45,47,48,Arch Engineering
1182,8,0,4,6,6,5,3,4,4,0,0,1,3,1,0,4,3,0,0,0,Arch Engineering
1183,42,4,19,58,63,25,39,8,7,11,3,9,3,36,5,30,38,27,5,6,Arch Engineering
1184,237,27,62,300,325,76,45,36,26,75,33,172,20,61,41,54,148,16,35,19,Arch Engineering
1185,99,90,146,592,69,624,722,65,102,264,185,427,84,305,138,75,408,129,228,261,Arch Engineering
1186,263,35,102,337,256,119,95,48,47,87,139,151,28,19,54,55,146,52,139,46,Arch Engineering
1187,123,102,140,575,154,513,664,76,104,262,271,481,42,322,153,72,365,120,316,241,Arch Engineering
1188,272,39,75,304,311,84,76,45,36,85,140,169,32,33,42,51,149,41,131,51,Arch Engineering
1189,7,0,3,4,1,4,1,4,3,1,0,1,2,1,0,1,1,0,0,0,Arch Engineering
1190,12,8,16,22,8,19,1,9,7,17,2,3,5,1,7,9,9,4,2,0,Arch Engineering
1191,277,39,63,334,336,61,31,39,39,96,45,217,15,26,51,37,160,12,43,59,Arch Engineering
1192,7,2,17,32,0,29,23,11,7,13,1,5,6,3,5,6,11,8,1,3,Arch Engineering
1193,4,2,11,26,0,28,21,8,7,9,1,6,3,5,3,5,8,5,1,3,Arch Engineering
1194,2,1,2,3,0,3,1,3,2,0,0,0,0,1,0,0,1,0,0,0,Arch Engineering
1195,14,2,8,12,5,7,1,3,6,0,0,3,2,1,1,4,6,0,0,0,Arch Engineering
1196,70,53,113,488,20,620,634,69,87,218,189,412,92,293,92,74,178,116,204,231,Arch Engineering
1197,293,78,123,429,319,145,110,65,64,118,195,263,57,57,57,76,176,58,191,87,Arch Engineering
1198,65,86,109,482,18,624,569,61,72,191,170,330,52,307,90,48,226,103,201,208,Arch Engineering
1199,114,75,138,554,134,463,666,80,103,244,229,425,79,268,133,60,286,124,262,179,Arch Engineering
1200,25,3,32,56,17,18,15,12,12,10,0,15,6,7,7,6,16,4,0,2,Arch Engineering
1201,118,97,142,586,151,564,665,75,104,258,281,476,46,371,149,72,483,123,319,241,Arch Engineering
1202,83,63,120,547,127,423,604,71,98,219,97,385,58,145,122,58,231,99,101,126,Arch Engineering
1203,34,17,81,153,39,53,14,46,26,38,104,52,64,18,10,27,39,7,109,31,Arch Engineering
1204,344,90,97,479,452,141,95,65,72,156,146,323,73,187,61,97,223,74,133,85,Arch Engineering
1205,121,86,117,504,129,472,573,89,88,231,187,370,55,126,143,100,275,132,210,171,Arch Engineering
1206,274,48,95,342,387,77,58,49,89,119,164,257,34,73,65,64,180,44,162,76,Arch Engineering
1207,21,0,4,28,21,4,1,4,4,3,2,13,2,2,1,3,6,0,2,3,Arch Engineering
1208,13,1,4,7,4,3,1,2,4,0,0,2,2,1,0,2,6,0,0,0,Arch Engineering
1209,10,1,2,4,14,2,1,5,2,0,3,0,1,3,1,4,10,3,3,0,Arch Engineering
1210,0,1,4,5,0,7,1,5,2,0,0,0,1,4,1,1,4,0,0,1,Arch Engineering
1211,8,6,13,15,2,11,8,6,4,1,0,0,5,4,2,9,2,4,0,0,Arch Engineering
1212,7,0,1,1,0,3,1,4,3,0,0,0,2,1,0,0,2,0,0,0,Arch Engineering
1213,40,1,23,39,37,17,12,14,10,9,0,30,3,16,5,4,23,1,0,5,Arch Engineering
1214,21,9,33,58,15,31,15,14,9,13,38,15,30,1,6,2,17,2,29,19,Arch Engineering
1215,17,3,16,36,4,16,14,11,8,8,0,5,4,4,4,8,11,0,0,0,Arch Engineering
1216,91,54,135,636,40,675,669,73,95,225,194,310,86,331,70,60,157,113,233,236,Arch Engineering
1217,44,13,56,51,45,33,13,20,19,25,0,19,36,5,14,12,55,13,3,37,Arch Engineering
1218,14,2,7,9,6,5,1,11,9,7,0,6,2,0,5,0,1,0,0,0,Arch Engineering
1219,239,28,58,299,326,64,34,40,27,84,33,181,14,71,45,53,148,19,38,22,Arch Engineering
1220,260,35,75,312,314,59,39,42,29,69,99,160,29,73,39,48,149,27,95,36,Arch Engineering
1221,339,77,105,532,608,83,5,62,83,138,136,235,44,183,70,73,221,115,147,94,Arch Engineering
1222,0,1,5,5,0,9,1,6,2,0,0,0,1,4,1,1,5,0,0,1,Arch Engineering
1223,327,82,97,393,424,112,80,50,62,134,131,238,44,148,55,74,197,71,135,82,Arch Engineering
1224,0,1,2,5,0,7,1,3,1,0,0,0,0,0,1,0,2,0,0,0,Arch Engineering
1225,262,37,74,298,319,73,47,43,27,79,92,165,26,70,42,54,160,27,96,43,Arch Engineering
1226,10,1,9,12,3,5,2,3,5,2,1,0,2,3,0,0,3,1,2,0,Arch Engineering
1227,5,2,3,6,5,4,1,4,2,0,0,0,1,0,1,0,3,0,0,0,Arch Engineering
1228,8,0,4,6,2,4,1,4,3,0,0,1,2,1,0,1,3,0,0,0,Arch Engineering
1229,25,6,51,39,21,29,20,19,13,10,0,9,22,5,17,5,35,2,1,22,Arch Engineering
1230,21,5,19,37,16,15,13,15,6,8,40,13,27,1,5,2,15,0,27,14,Arch Engineering
1231,2,1,4,6,0,7,1,4,2,1,0,2,2,0,1,1,2,1,0,0,Arch Engineering
1232,3,1,7,7,0,10,1,4,1,2,0,3,0,0,1,1,5,1,0,0,Arch Engineering
1233,262,38,97,338,312,90,70,45,47,79,140,163,32,14,46,44,130,42,134,46,Arch Engineering
1234,27,16,9,30,5,35,15,14,7,11,0,7,7,2,14,17,17,2,0,7,Arch Engineering
1235,322,40,83,478,397,100,86,48,46,101,151,166,32,40,88,59,264,49,148,59,Arch Engineering
1236,10,4,27,32,12,12,8,10,13,3,26,3,20,0,1,0,8,0,30,7,Arch Engineering
1237,112,69,113,511,128,539,574,81,143,240,199,369,60,130,139,62,386,121,225,167,Arch Engineering
1238,23,4,19,34,16,22,29,6,6,8,1,8,2,8,4,21,11,7,1,2,Arch Engineering
1239,24,22,25,91,18,34,21,25,14,17,16,27,39,2,8,23,9,3,6,7,Arch Engineering
1240,23,11,41,57,13,18,9,24,14,13,38,15,30,4,9,2,34,0,34,30,Arch Engineering
1241,10,5,19,27,14,18,19,11,11,5,5,3,21,0,8,5,10,2,0,3,Arch Engineering
1242,16,4,29,52,13,17,6,10,7,7,27,5,19,0,3,2,19,1,30,8,Arch Engineering
1243,16,4,24,21,13,35,30,27,11,16,0,9,25,1,16,7,21,3,0,13,Arch Engineering
1244,12,0,9,2,12,11,1,14,5,3,0,2,4,9,6,1,15,5,0,21,Arch Engineering
1245,287,81,111,422,317,143,113,69,47,126,139,196,74,43,64,73,158,52,139,49,Arch Engineering
1246,11,4,9,15,30,15,9,5,2,2,17,2,5,2,7,3,22,30,16,4,Arch Engineering
1247,13,2,5,10,2,5,1,2,4,0,0,2,2,1,0,0,3,0,0,0,Arch Engineering
1248,12,1,8,11,2,6,2,3,6,2,1,1,4,3,0,1,3,0,2,0,Arch Engineering
1249,23,5,10,21,8,14,6,20,5,9,28,5,18,0,2,7,13,3,20,5,Arch Engineering
1250,15,3,12,14,8,8,2,15,14,6,0,6,6,0,8,4,11,4,0,19,Arch Engineering
1251,22,5,15,38,6,20,12,8,6,12,0,4,5,3,4,9,14,0,0,1,Arch Engineering
1252,337,86,147,472,507,157,87,74,108,187,188,343,61,95,90,79,256,85,178,149,Arch Engineering
1253,35,4,34,59,4,38,14,8,9,9,0,5,7,4,5,15,12,4,0,2,Arch Engineering
1254,23,3,20,34,16,22,29,7,7,11,3,8,4,9,4,21,14,9,3,2,Arch Engineering
1255,303,46,90,337,347,81,70,52,48,90,131,201,37,92,51,65,191,45,131,53,Arch Engineering
1256,11,6,10,34,6,30,16,10,4,27,0,8,7,3,4,10,9,0,0,0,Arch Engineering
1257,28,2,36,16,9,20,11,11,11,6,6,5,15,0,4,2,15,0,2,17,Arch Engineering
1258,276,41,84,333,297,102,94,53,38,96,165,174,42,21,49,60,165,46,162,52,Arch Engineering
1259,0,1,2,6,0,7,1,3,1,0,0,0,0,0,1,0,2,0,0,0,Arch Engineering
1260,41,4,22,37,52,21,7,14,8,8,25,21,16,13,6,8,41,8,16,1,Arch Engineering
1261,18,4,14,34,5,19,13,11,8,14,0,5,5,3,6,8,7,0,0,1,Arch Engineering
1262,7,0,5,4,2,4,1,3,3,1,0,1,2,1,0,1,1,0,0,0,Arch Engineering
1263,344,62,154,399,32,79,383,60,37,94,166,196,36,55,48,59,183,42,151,65,Arch Engineering
1264,285,44,83,361,368,72,57,45,38,104,120,184,10,101,49,54,195,39,111,50,Arch Engineering
1265,317,95,129,427,409,101,57,58,48,151,11,218,69,37,65,64,146,38,8,89,Arch Engineering
1266,69,57,106,536,48,618,695,88,141,213,1,358,56,77,118,63,257,85,2,205,Arch Engineering
1267,8,2,9,23,1,31,25,8,9,15,1,5,4,1,5,5,14,5,1,2,Arch Engineering
1268,12,10,21,37,13,13,8,13,4,5,36,5,22,0,2,3,8,0,37,8,Arch Engineering
1269,279,54,127,391,389,116,53,84,97,150,168,268,39,78,71,64,194,51,168,78,Arch Engineering
1270,16,4,38,39,13,24,7,13,24,9,14,10,13,5,7,2,17,2,22,16,Arch Engineering
1271,277,70,103,407,307,113,91,62,49,106,149,190,51,21,50,72,149,48,151,52,Arch Engineering
1272,50,18,50,50,24,85,56,65,27,35,0,32,49,6,38,11,76,11,0,25,Arch Engineering
1273,81,119,122,531,66,427,563,70,82,204,149,343,57,207,110,74,244,99,175,152,Arch Engineering
1274,2,0,3,2,0,1,1,4,2,0,0,0,1,1,0,0,1,0,0,0,Arch Engineering
1275,7,1,6,3,2,3,1,3,5,1,0,0,2,1,0,1,4,0,0,0,Arch Engineering
1276,17,2,16,22,16,13,7,15,8,14,22,3,24,2,7,4,9,13,19,2,Arch Engineering
1277,16,5,11,25,12,20,15,12,9,10,34,7,23,1,6,3,20,1,19,10,Arch Engineering
1278,323,64,129,357,401,184,117,101,55,206,2,276,116,29,61,69,53,72,5,110,Arch Engineering
1279,251,35,56,279,286,73,58,41,26,76,127,148,21,31,33,50,145,38,121,45,Arch Engineering
1280,98,90,139,580,69,603,717,71,102,262,188,427,81,267,138,75,367,129,225,261,Arch Engineering
1281,18,4,18,42,4,16,13,5,8,3,0,3,3,2,3,7,8,1,0,0,Arch Engineering
1282,288,72,120,401,334,125,85,63,47,108,171,237,54,31,65,77,168,48,166,57,Arch Engineering
1283,40,8,42,66,42,45,33,29,18,19,0,25,27,4,20,13,34,5,0,13,Arch Engineering
1284,16,2,12,20,8,13,10,11,6,6,0,4,13,2,6,3,6,1,0,2,Arch Engineering
1285,44,55,52,94,52,82,46,16,30,55,111,114,25,124,19,25,67,59,106,58,Arch Engineering
1286,96,70,115,478,101,414,569,66,80,212,173,341,50,198,90,56,245,89,184,166,Arch Engineering
1287,16,3,15,28,3,19,7,11,9,12,0,5,7,4,5,6,11,0,0,1,Arch Engineering
1288,21,4,13,36,7,21,13,6,8,8,0,6,4,3,3,9,13,1,0,1,Arch Engineering
1289,16,4,11,32,5,17,14,7,6,8,0,4,3,2,4,8,10,0,0,0,Arch Engineering
1290,295,70,71,410,313,108,74,61,50,124,134,250,68,123,49,94,178,47,124,48,Arch Engineering
1291,8,8,20,27,3,30,21,12,4,5,1,4,6,6,5,7,6,2,0,0,Arch Engineering
1292,2,1,5,7,0,8,1,4,1,2,0,2,0,0,1,1,3,0,0,0,Arch Engineering
1293,10,2,7,15,3,9,2,9,4,6,0,1,4,1,2,0,5,0,0,0,Arch Engineering
1294,9,1,4,6,3,4,1,1,4,0,0,2,2,0,0,3,5,0,0,0,Arch Engineering
1295,276,74,74,393,344,97,85,59,36,111,132,210,56,36,63,70,152,49,135,59,Arch Engineering
1296,119,76,144,559,131,461,663,76,105,243,222,419,81,254,131,56,319,129,261,177,Arch Engineering
1297,27,2,27,31,24,24,12,14,6,22,0,21,16,4,8,8,28,2,0,1,Arch Engineering
1298,21,2,23,26,14,19,14,14,9,5,4,3,21,2,10,5,16,1,5,8,Arch Engineering
1299,8,1,2,7,4,3,1,5,2,0,0,0,2,0,0,0,1,0,0,0,Arch Engineering
1300,11,7,14,16,8,14,1,6,5,7,2,1,4,1,4,8,3,2,2,0,Arch Engineering
1301,276,32,84,338,393,80,25,38,83,111,51,234,22,74,60,60,182,20,53,54,Arch Engineering
1302,11,2,11,15,7,11,2,5,6,5,0,1,3,0,2,4,7,2,0,1,Arch Engineering
1303,100,103,132,529,126,422,570,76,88,217,164,355,59,213,136,68,259,127,186,146,Arch Engineering
1304,17,23,30,60,7,19,13,16,15,20,18,9,10,6,8,15,19,11,10,4,Arch Engineering
1305,248,30,38,135,271,95,55,58,32,99,138,178,39,22,15,32,32,43,130,44,Arch Engineering
1306,119,116,136,540,126,512,574,89,88,225,157,360,61,295,142,71,350,129,189,151,Arch Engineering
1307,111,74,121,543,93,455,668,83,94,237,234,378,80,259,112,57,277,105,272,180,Arch Engineering
1308,7,1,4,9,2,5,1,6,3,0,0,0,6,1,0,0,3,0,0,0,Arch Engineering
1309,278,36,68,291,307,84,70,51,33,90,129,167,20,31,46,52,153,40,125,45,Arch Engineering
1310,23,4,18,37,14,22,29,8,6,8,2,8,3,7,5,23,15,7,2,2,Arch Engineering
1311,8,2,7,13,6,4,1,6,4,2,0,0,2,1,1,1,6,0,0,0,Arch Engineering
1312,16,2,16,23,7,21,7,9,6,8,0,3,9,1,5,2,9,1,0,5,Arch Engineering
1313,314,82,77,435,371,166,89,64,41,119,0,237,51,27,58,74,169,8,1,75,Arch Engineering
1314,73,75,114,574,54,667,786,73,179,236,0,351,69,83,148,81,278,116,2,224,Arch Engineering
1315,14,16,41,59,11,27,13,12,24,11,51,6,24,2,1,1,17,0,43,15,Arch Engineering
1316,295,108,106,493,327,136,85,82,45,126,201,263,106,38,74,75,164,41,196,97,Arch Engineering
1317,15,3,16,17,7,17,7,9,8,5,14,5,17,1,2,2,14,2,13,4,Arch Engineering
1318,0,1,2,5,0,7,1,3,3,0,0,0,0,0,1,0,2,0,0,0,Arch Engineering
1319,11,0,8,11,6,12,10,6,6,4,0,3,10,0,5,3,4,1,0,0,Arch Engineering
1320,13,2,20,31,4,16,1,10,7,11,0,2,8,3,3,2,12,2,0,0,Arch Engineering
1321,24,29,26,115,4,38,29,23,21,23,0,26,14,3,10,26,25,2,0,3,Arch Engineering
1322,25,3,8,44,49,17,16,15,11,22,1,27,5,17,9,1,22,2,0,1,Arch Engineering
1323,338,95,97,455,411,146,90,71,52,133,2,223,61,45,60,86,190,47,2,71,Arch Engineering
1324,26,9,54,70,36,63,59,53,23,43,1,8,36,10,38,22,75,64,1,22,Arch Engineering
1325,31,6,48,94,16,47,22,20,19,11,17,12,23,2,14,3,26,5,16,11,Arch Engineering
1326,261,29,70,290,309,54,45,45,27,69,97,161,30,72,39,47,155,26,102,35,Arch Engineering
1327,19,6,16,17,6,30,3,8,6,11,0,4,3,1,6,27,16,3,0,2,Arch Engineering
1328,13,3,13,28,3,14,15,5,8,8,0,5,4,6,5,7,11,2,1,0,Arch Engineering
1329,8,2,4,8,2,3,1,3,3,0,0,0,2,1,0,0,3,0,0,0,Arch Engineering
1330,121,34,43,203,150,55,27,28,19,49,23,119,36,40,21,50,78,13,25,19,Arch Engineering
1331,40,6,37,42,32,41,22,32,18,42,1,32,27,4,37,8,62,26,0,18,Arch Engineering
1332,29,43,14,116,10,36,27,20,24,24,2,31,38,3,12,45,9,7,2,2,Arch Engineering
1333,2,1,16,15,0,25,2,11,3,16,0,2,0,0,4,1,3,8,0,3,Arch Engineering
1334,24,18,36,71,32,30,30,18,14,9,30,14,24,5,11,13,32,4,23,7,Arch Engineering
1335,277,75,135,390,337,86,57,87,48,128,164,176,49,20,56,77,175,59,150,106,Arch Engineering
1336,278,50,126,383,305,105,55,61,49,95,191,175,45,22,57,51,150,51,177,87,Arch Engineering
1337,305,71,116,387,412,124,68,62,62,106,3,203,45,26,66,82,187,46,3,76,Arch Engineering
1338,21,5,16,34,8,24,13,17,10,10,0,8,10,3,9,11,27,5,0,1,Arch Engineering
1339,0,1,5,6,0,6,1,3,2,1,0,0,0,1,1,0,2,0,0,0,Arch Engineering
1340,20,4,20,34,10,13,10,13,14,7,22,5,18,3,4,0,9,0,15,7,Arch Engineering
1341,8,0,5,9,2,11,2,4,5,1,0,1,1,0,1,2,7,0,0,0,Arch Engineering
1342,7,0,4,5,4,2,1,3,3,0,0,0,1,1,0,0,4,0,0,0,Arch Engineering
1343,15,2,4,12,5,5,1,4,3,3,0,1,4,3,0,0,5,0,0,0,Arch Engineering
1344,8,1,1,5,3,5,1,4,3,1,0,1,0,1,0,1,3,0,0,0,Arch Engineering
1345,0,1,2,4,0,4,1,3,3,0,0,0,0,3,1,0,4,0,0,0,Arch Engineering
1346,272,70,197,603,272,420,567,97,106,257,173,489,59,197,121,56,349,93,203,211,Arch Engineering
1347,10,7,12,10,2,21,7,3,3,4,0,0,5,1,1,9,2,5,0,0,Arch Engineering
1348,253,63,88,330,2,138,317,63,65,99,183,173,71,21,54,74,223,32,180,49,Prof Services
1349,30,11,22,42,0,51,26,16,4,12,0,14,3,7,12,18,16,10,0,9,Prof Services
1350,109,143,187,730,2,462,851,80,124,275,184,420,56,220,134,151,230,358,187,187,Prof Services
1351,17,3,25,57,44,28,3,10,19,11,2,12,3,9,3,17,13,5,2,4,Prof Services
1352,10,1,10,9,6,8,1,5,9,3,0,3,1,2,3,5,13,1,0,9,Prof Services
1353,345,69,130,465,436,99,52,55,110,163,138,259,45,179,78,94,203,46,137,70,Prof Services
1354,13,1,7,17,17,7,3,7,4,10,0,2,2,1,4,11,4,3,0,1,Prof Services
1355,16,1,10,20,9,8,1,11,8,11,0,4,7,2,6,3,14,0,0,1,Prof Services
1356,10,1,8,18,8,19,1,6,3,5,0,1,3,2,2,6,7,0,0,0,Prof Services
1357,344,60,124,412,483,90,21,61,54,111,160,170,40,97,49,73,193,84,116,55,Prof Services
1358,97,124,149,576,6,491,655,72,75,188,119,296,56,256,93,64,400,112,155,127,Prof Services
1359,22,3,26,42,40,21,2,11,12,13,2,12,5,7,4,15,20,3,2,0,Prof Services
1360,346,50,123,420,509,97,22,63,53,117,154,170,186,97,51,71,224,83,116,54,Prof Services
1361,355,77,148,534,528,112,41,80,43,167,104,338,92,81,105,130,280,159,127,100,Prof Services
1362,13,1,10,23,16,13,1,8,3,11,0,3,3,6,7,1,5,2,0,0,Prof Services
1363,318,64,89,420,418,64,69,48,55,108,69,154,47,128,45,64,186,69,77,56,Prof Services
1364,15,4,8,21,25,11,1,7,5,4,0,1,3,6,1,7,2,4,0,0,Prof Services
1365,0,1,4,8,0,9,1,3,2,1,0,2,0,0,1,1,2,0,0,0,Prof Services
1366,33,5,19,27,25,24,19,10,8,10,35,16,24,6,3,3,8,3,36,21,Prof Services
1367,20,31,133,386,0,300,463,66,74,137,1,224,31,64,68,55,84,37,2,92,Prof Services
1368,21,1,12,16,3,10,8,10,2,10,0,2,4,1,3,6,5,1,0,0,Prof Services
1369,25,5,18,31,15,14,14,4,8,7,1,7,1,2,2,21,13,5,1,0,Prof Services
1370,13,4,10,44,0,21,39,5,11,9,0,13,3,2,4,11,13,1,1,3,Prof Services
1371,277,99,142,467,270,116,71,61,54,118,174,209,70,37,60,83,185,70,178,60,Prof Services
1372,21,1,10,17,9,10,1,8,2,7,0,1,3,3,3,4,12,1,0,0,Prof Services
1373,18,1,13,22,8,21,1,7,4,8,0,2,3,3,3,4,8,0,0,0,Prof Services
1374,111,190,154,688,9,491,753,79,92,232,224,357,80,74,126,84,209,139,262,201,Prof Services
1375,24,27,46,46,4,40,41,10,12,13,37,22,17,5,5,9,17,28,39,21,Prof Services
1376,208,19,61,289,3,90,380,57,32,127,2,199,11,27,58,47,68,59,2,71,Prof Services
1377,19,3,25,50,35,30,2,15,16,19,2,13,7,6,1,12,9,5,2,2,Prof Services
1378,258,21,54,161,272,63,27,50,37,86,39,180,39,27,5,22,21,14,44,34,Prof Services
1379,2,1,3,4,0,6,1,3,2,0,0,2,0,0,1,0,1,0,0,0,Prof Services
1380,2,3,12,14,0,17,5,9,1,9,0,0,26,0,6,2,4,4,0,1,Prof Services
1381,371,135,195,651,546,163,72,87,90,165,192,309,101,39,102,89,252,92,216,124,Prof Services
1382,99,149,133,619,622,451,141,68,100,223,201,354,56,241,123,80,251,116,242,179,Prof Services
1383,14,1,16,17,9,10,2,12,4,9,0,2,3,11,4,3,4,2,0,0,Prof Services
1384,17,45,77,129,15,44,30,16,11,18,84,14,56,8,5,8,77,7,87,48,Prof Services
1385,43,41,62,82,86,71,3,20,19,36,168,38,30,22,13,30,33,44,161,33,Prof Services
1386,25,2,16,38,0,27,22,15,10,17,0,12,8,10,13,15,15,10,0,7,Prof Services
1387,15,3,14,42,35,16,10,9,8,18,1,13,3,2,6,12,11,9,1,4,Prof Services
1388,380,80,138,655,7,123,609,61,54,153,162,267,35,78,83,89,257,228,159,76,Prof Services
1389,22,2,6,27,29,7,1,4,4,5,0,12,1,0,1,11,7,0,0,4,Prof Services
1390,306,56,78,354,402,66,38,48,51,104,160,135,54,143,48,69,171,76,149,43,Prof Services
1391,11,3,14,25,9,20,1,11,7,8,0,2,7,4,3,2,9,0,0,0,Prof Services
1392,32,7,7,57,0,7,135,38,32,16,0,53,3,3,23,16,39,56,0,4,Prof Services
1393,17,10,24,61,0,41,45,15,14,16,2,14,11,8,9,17,21,4,2,3,Prof Services
1394,20,10,37,104,7,30,93,16,11,27,0,33,5,5,17,19,36,23,0,16,Prof Services
1395,3,1,4,3,0,5,1,1,2,0,0,2,0,0,1,0,4,0,0,0,Prof Services
1396,345,54,95,413,481,96,21,61,53,120,158,167,38,94,49,70,183,79,111,55,Prof Services
1397,41,9,38,49,36,13,6,12,23,15,5,22,7,8,9,20,33,5,4,0,Prof Services
1398,8,1,4,7,0,4,28,4,1,1,0,13,2,0,0,1,9,0,0,0,Prof Services
1399,11,1,6,14,1,5,3,6,5,6,0,2,2,1,1,4,5,0,0,0,Prof Services
1400,315,73,97,492,585,90,1,55,54,142,201,216,56,180,64,72,213,102,189,94,Prof Services
1401,224,6,28,61,255,22,7,24,28,53,2,116,2,6,10,24,9,6,4,14,Prof Services
1402,23,3,16,53,44,27,6,11,16,11,3,11,8,9,7,13,18,8,3,2,Prof Services
1403,40,6,23,56,0,8,49,15,15,14,3,12,7,8,6,19,20,5,3,3,Prof Services
1404,300,56,88,365,405,72,42,45,55,110,167,135,53,140,55,66,170,76,154,48,Prof Services
1405,15,1,21,19,0,15,4,8,8,14,0,3,5,2,5,3,28,0,0,0,Prof Services
1406,6,3,20,21,10,15,5,9,6,4,8,0,8,3,1,3,6,6,4,0,Prof Services
1407,287,61,97,354,293,91,52,57,70,116,153,210,48,49,52,78,169,46,93,41,Prof Services
1408,466,67,103,638,553,110,103,64,67,154,248,265,26,44,78,88,317,140,198,99,Prof Services
1409,246,25,83,236,252,83,81,44,88,102,297,199,26,33,17,53,87,65,221,73,Prof Services
1410,14,9,28,60,50,45,9,19,8,25,1,16,8,9,10,17,17,5,1,2,Prof Services
1411,268,39,77,307,283,76,55,39,36,76,200,159,42,15,32,51,121,34,200,49,Prof Services
1412,312,51,88,429,438,65,38,52,50,120,100,157,63,150,51,68,213,74,101,48,Prof Services
1413,1,1,1,4,0,4,1,3,1,1,0,2,0,0,2,1,3,0,0,0,Prof Services
1414,17,8,22,44,33,23,3,8,8,11,1,10,4,2,9,10,15,1,1,1,Prof Services
1415,314,48,90,384,423,64,32,37,93,110,46,210,25,75,49,67,125,21,48,41,Prof Services
1416,295,80,87,464,11,98,482,61,44,114,172,167,50,91,56,78,178,105,165,64,Prof Services
1417,247,13,32,215,251,18,10,20,26,50,2,109,4,6,27,43,109,3,1,9,Prof Services
1418,282,67,110,395,357,93,11,54,39,103,165,170,39,20,59,51,159,51,111,57,Prof Services
1419,39,34,56,74,86,66,2,14,18,33,157,38,25,21,13,30,29,43,145,31,Prof Services
1420,20,41,65,75,12,65,41,21,17,30,148,33,37,7,13,11,46,33,103,38,Prof Services
1421,43,7,55,100,104,115,88,37,37,48,4,17,39,4,39,17,45,86,3,38,Prof Services
1422,128,75,186,554,12,497,718,94,107,234,269,392,99,73,97,90,171,134,294,199,Prof Services
1423,19,1,13,17,10,12,1,12,5,7,0,1,4,2,3,5,4,2,0,0,Prof Services
1424,2,1,3,5,0,5,1,3,2,0,0,2,0,0,1,1,3,0,0,0,Prof Services
1425,2,1,4,3,0,3,1,3,1,0,0,2,0,0,1,0,3,0,0,0,Prof Services
1426,285,58,80,396,318,102,48,60,43,102,165,176,57,19,46,73,156,51,148,49,Prof Services
1427,11,1,16,18,0,16,5,8,7,14,0,3,5,2,5,1,24,0,0,0,Prof Services
1428,317,105,76,505,322,136,52,80,58,129,98,235,94,17,53,137,124,76,90,47,Prof Services
1429,11,0,7,14,42,2,2,8,8,16,0,38,2,4,13,8,2,0,0,13,Prof Services
1430,46,30,80,140,45,69,23,28,8,41,79,35,47,6,45,25,65,10,65,54,Prof Services
1431,128,104,148,542,7,473,685,90,78,222,245,309,88,69,102,81,374,96,291,205,Prof Services
1432,239,126,92,403,278,96,55,76,46,80,145,184,94,34,49,71,129,40,153,55,Prof Services
1433,25,17,66,175,0,146,160,28,32,39,2,81,28,23,13,43,33,19,2,22,Prof Services
1434,12,1,10,21,5,13,1,5,7,4,0,1,4,2,2,1,6,1,0,0,Prof Services
1435,335,48,88,402,447,56,23,49,45,105,66,157,52,108,46,56,182,52,59,28,Prof Services
1436,183,33,62,252,212,88,78,33,32,79,157,111,38,14,42,34,121,36,143,56,Prof Services
1437,12,2,12,24,8,19,1,7,6,6,0,2,2,4,3,4,13,0,0,0,Prof Services
1438,29,4,16,50,13,31,43,9,7,19,0,8,4,7,8,33,12,4,0,6,Prof Services
1439,32,4,26,40,38,18,1,6,8,12,0,8,2,9,3,16,8,4,0,0,Prof Services
1440,16,4,24,51,39,31,2,12,17,15,2,12,5,6,4,13,19,7,2,4,Prof Services
1441,40,4,17,44,46,16,1,7,8,11,0,13,2,7,4,26,10,5,0,3,Prof Services
1442,49,33,29,329,4,54,356,24,15,59,7,19,15,12,38,60,72,139,7,7,Prof Services
1443,96,81,140,575,810,535,22,64,91,221,174,376,112,428,117,66,348,131,200,214,Prof Services
1444,348,50,110,408,484,95,22,53,53,116,160,170,50,94,50,70,194,79,121,54,Prof Services
1445,48,5,16,53,90,10,2,8,9,25,0,49,4,9,13,24,30,5,0,17,Prof Services
1446,18,5,26,50,39,31,2,16,18,18,3,13,8,7,5,13,25,6,2,3,Prof Services
1447,384,44,62,333,259,30,100,44,48,92,0,184,4,16,57,79,144,40,0,32,Prof Services
1448,314,61,99,441,513,76,31,48,35,115,162,176,39,162,53,66,178,86,167,58,Prof Services
1449,14,1,7,11,11,5,1,5,7,1,1,11,2,1,2,9,8,0,1,2,Prof Services
1450,37,28,60,123,9,98,114,36,25,42,120,43,58,13,15,31,48,37,102,42,Prof Services
1451,308,39,75,386,509,89,57,52,49,137,149,198,46,181,48,69,87,101,153,92,Prof Services
1452,29,9,25,60,0,29,55,9,16,14,3,12,9,9,10,20,25,8,3,3,Prof Services
1453,60,29,92,163,7,84,49,31,44,45,149,67,33,16,25,25,56,41,154,83,Prof Services
1454,81,69,117,476,70,431,574,65,80,219,190,437,50,66,171,122,196,96,221,165,Prof Services
1455,310,126,90,552,10,129,477,73,62,138,140,188,67,88,62,117,183,112,127,65,Prof Services
1456,10,1,11,38,12,40,46,5,6,8,0,7,2,8,5,20,13,4,0,8,Prof Services
1457,345,51,117,448,498,98,22,62,54,113,159,170,131,95,49,70,211,83,124,67,Prof Services
1458,79,87,153,631,1,529,711,70,116,211,206,324,67,68,104,60,319,124,219,174,Prof Services
1459,2,1,1,4,0,4,1,3,1,0,0,0,0,1,0,0,1,0,0,0,Prof Services
1460,297,50,84,391,398,100,49,50,42,113,158,151,29,85,50,58,173,79,117,52,Prof Services
1461,37,25,56,88,15,73,67,21,18,32,147,34,32,12,10,25,29,36,93,40,Prof Services
1462,228,53,73,260,240,58,48,32,36,72,132,138,16,15,35,37,126,37,129,38,Prof Services
1463,89,119,135,539,1,468,634,70,74,176,113,286,55,252,86,64,407,108,136,122,Prof Services
1464,3,1,15,26,0,32,7,9,5,19,0,9,7,7,3,5,18,1,0,2,Prof Services
1465,50,1,11,58,87,11,11,7,8,27,0,67,3,6,15,20,16,0,0,19,Prof Services
1466,9,1,18,22,4,20,9,11,4,12,0,2,4,7,4,1,2,1,0,1,Prof Services
1467,2,1,5,8,1,8,1,5,1,5,0,3,1,1,2,1,1,0,0,0,Prof Services
1468,215,6,10,38,313,21,11,30,24,67,28,111,17,8,4,6,18,5,26,23,Prof Services
1469,33,14,12,27,17,11,1,12,10,11,0,4,6,19,3,6,24,12,0,26,Prof Services
1470,342,46,99,408,436,83,50,47,48,106,154,174,37,91,56,60,185,82,123,51,Prof Services
1471,222,57,55,270,8,65,17,46,46,60,1,111,43,12,31,70,101,20,0,16,Prof Services
1472,20,3,11,32,1,20,20,7,8,8,0,9,3,9,8,9,11,10,1,7,Prof Services
1473,43,69,53,223,15,88,21,42,29,37,38,46,39,2,16,43,27,9,37,10,Prof Services
1474,177,97,121,478,48,499,769,66,232,210,0,333,58,286,132,73,501,198,1,182,Prof Services
1475,21,35,70,87,10,13,2,40,16,40,0,24,15,10,25,21,25,8,0,18,Prof Services
1476,13,1,5,12,0,5,3,5,2,3,0,0,2,2,0,1,14,5,0,0,Prof Services
1477,56,94,151,293,3,268,243,59,53,72,128,169,77,35,38,76,64,32,106,65,Prof Services
1478,53,38,47,120,3,132,118,16,22,46,189,64,34,14,19,36,32,38,199,68,Prof Services
1479,0,0,1,1,0,3,1,3,1,0,0,0,0,0,0,0,1,0,0,0,Prof Services
1480,19,4,21,48,36,26,2,13,16,8,3,11,4,7,3,11,17,5,3,4,Prof Services
1481,23,6,27,45,0,25,44,11,9,11,2,12,7,6,6,18,11,6,2,0,Prof Services
1482,16,4,21,35,22,19,12,11,5,13,1,6,10,3,5,15,10,3,2,0,Prof Services
1483,37,13,33,68,21,45,32,19,18,32,1,23,10,4,16,27,25,5,1,7,Prof Services
1484,18,1,8,15,7,6,1,9,4,10,0,3,3,1,3,3,6,2,0,0,Prof Services
1485,13,6,23,42,0,15,22,8,9,11,0,5,3,1,4,14,7,2,0,0,Prof Services
1486,285,43,129,429,12,116,606,64,126,108,152,324,50,25,57,66,169,67,126,58,Prof Services
1487,12,4,11,21,0,25,1,18,5,21,1,4,14,1,15,3,14,1,0,4,Prof Services
1488,21,1,16,35,10,20,1,7,3,6,0,1,4,3,3,9,7,3,0,0,Prof Services
1489,136,100,134,467,1,406,632,77,169,174,261,328,56,272,110,50,385,96,262,157,Prof Services
1490,288,19,76,333,408,60,43,42,49,106,68,149,39,123,20,59,63,66,77,37,Prof Services
1491,108,154,142,672,646,450,141,85,118,267,204,418,74,256,145,79,281,117,244,183,Prof Services
1492,19,2,7,24,9,18,25,4,8,6,2,14,4,1,3,14,10,7,3,14,Prof Services
1493,346,50,103,409,491,91,20,57,60,122,157,169,75,95,49,71,201,81,113,52,Prof Services
1494,23,2,15,49,43,23,5,8,14,9,3,10,5,8,4,11,20,4,3,3,Prof Services
1495,41,41,49,80,38,111,42,30,48,47,176,50,8,19,24,30,41,49,167,44,Prof Services
1496,353,107,241,746,526,110,54,62,104,170,121,252,58,63,109,81,260,116,91,146,Prof Services
1497,326,48,96,392,456,90,21,56,46,104,146,155,74,91,48,63,187,71,132,54,Prof Services
1498,10,1,8,10,0,7,12,3,4,1,0,1,3,7,1,11,2,14,0,5,Prof Services
1499,76,170,126,442,15,263,211,82,64,84,91,173,120,38,49,118,109,39,90,76,Prof Services
1500,39,4,29,50,45,23,2,13,10,13,0,19,3,10,6,12,15,10,0,0,Prof Services
1501,2,1,7,8,0,7,1,5,2,2,0,2,1,1,2,1,2,0,0,0,Prof Services
1502,36,25,85,81,0,40,37,23,10,28,21,14,22,38,7,10,32,37,12,13,Prof Services
1503,339,86,138,471,482,140,84,64,171,172,166,262,41,56,96,78,302,78,172,114,Prof Services
1504,126,124,140,612,682,434,88,71,95,219,182,346,56,203,113,79,204,144,190,163,Prof Services
1505,31,20,59,104,0,46,95,13,26,17,21,21,7,10,14,21,52,26,16,3,Prof Services
1506,126,127,142,620,685,449,84,74,96,226,186,350,59,206,115,79,211,144,190,164,Prof Services
1507,118,102,139,610,708,392,20,71,97,197,102,319,53,168,100,69,196,133,98,120,Prof Services
1508,314,65,89,413,419,66,71,43,49,110,96,151,43,125,44,64,184,70,106,54,Prof Services
1509,34,8,27,68,16,20,3,21,12,15,1,22,13,26,5,16,17,3,1,2,Prof Services
1510,31,41,71,120,0,73,69,27,21,31,176,35,42,9,12,27,26,37,132,38,Prof Services
1511,94,144,148,572,3,412,656,68,76,189,109,291,58,167,93,65,241,113,144,127,Prof Services
1512,69,144,128,609,10,597,737,68,84,257,193,380,57,213,128,90,247,138,230,259,Prof Services
1513,298,87,185,594,380,107,51,51,171,127,155,252,56,27,65,68,229,73,112,66,Prof Services
1514,3,1,3,13,0,16,7,8,2,7,0,3,3,3,3,1,1,2,0,0,Prof Services
1515,136,126,143,618,687,446,83,73,94,221,183,351,60,206,113,84,216,146,188,165,Prof Services
1516,316,48,85,406,416,63,37,45,55,108,79,149,42,126,50,63,183,73,76,42,Prof Services
1517,19,4,26,58,37,39,4,14,17,17,3,13,10,7,7,13,20,5,3,4,Prof Services
1518,181,284,146,745,8,465,627,137,153,270,202,417,189,65,141,164,225,133,209,164,Prof Services
1519,14,3,9,21,0,14,5,8,5,18,0,4,14,1,8,6,3,0,0,1,Prof Services
1520,81,64,121,486,38,430,531,65,75,196,189,295,52,97,83,54,226,95,215,155,Prof Services
1521,42,36,61,80,84,66,3,14,18,34,156,42,24,27,12,30,30,45,141,31,Prof Services
1522,14,3,15,29,8,21,3,10,5,8,0,4,9,1,5,4,7,0,0,1,Prof Services
1523,56,101,120,287,2,254,212,62,49,62,89,131,75,27,38,74,75,40,90,58,Prof Services
1524,281,58,82,355,305,95,52,58,50,107,113,165,52,18,45,73,135,54,114,61,Prof Services
1525,251,18,58,145,273,119,140,40,42,111,172,192,59,20,13,15,21,73,159,62,Prof Services
1526,13,1,9,15,9,8,1,6,3,11,0,2,6,6,3,1,5,2,0,1,Prof Services
1527,21,8,9,13,0,27,7,7,5,8,0,4,6,2,5,30,17,1,0,3,Prof Services
1528,27,7,20,52,1,33,8,27,2,27,0,11,8,10,16,49,20,58,0,6,Prof Services
1529,36,0,3,4,65,10,1,7,6,23,2,58,2,5,0,1,5,0,1,17,Prof Services
1530,14,1,7,12,11,4,1,5,7,1,1,11,2,1,2,8,8,0,1,2,Prof Services
1531,396,82,250,420,2,128,371,68,98,243,147,295,40,43,117,195,139,95,151,169,Prof Services
1532,261,29,57,257,280,76,62,52,42,93,165,193,44,35,20,51,48,37,127,54,Prof Services
1533,320,62,102,438,422,85,33,47,99,125,46,226,39,79,57,84,144,24,56,43,Prof Services
1534,123,69,113,520,640,546,13,69,83,224,187,334,46,297,113,64,416,161,235,163,Prof Services
1535,279,55,78,318,320,35,9,60,60,101,1,171,41,19,34,59,140,8,2,14,Prof Services
1536,31,4,22,64,49,29,2,8,16,10,2,12,5,7,7,17,19,5,2,4,Prof Services
1537,94,148,135,598,618,445,138,67,100,222,200,341,54,237,111,77,246,120,238,179,Prof Services
1538,326,55,87,420,426,63,40,57,72,144,124,216,46,167,65,65,198,77,125,48,Prof Services
1539,315,68,84,473,529,75,61,50,50,133,164,210,50,182,59,71,204,101,168,95,Prof Services
1540,56,148,43,217,31,65,10,123,25,595,24,68,162,30,31,153,173,14,26,12,Prof Services
1541,12,1,8,18,9,4,1,5,6,1,1,13,3,1,2,7,5,0,1,2,Prof Services
1542,317,58,85,425,548,61,3,51,40,105,75,167,43,122,49,61,186,72,67,33,Prof Services
1543,318,63,88,422,422,98,51,53,64,121,155,170,43,87,52,78,182,82,144,49,Prof Services
1544,12,24,22,56,4,13,2,9,5,11,0,18,22,6,5,4,2,2,0,7,Prof Services
1545,280,72,142,377,5,90,61,72,80,130,100,210,61,75,84,44,235,119,73,164,Prof Services
1546,303,97,260,728,349,117,61,74,82,131,144,193,78,23,90,68,233,68,129,66,Prof Services
1547,128,130,149,625,702,402,26,79,96,198,105,321,62,169,113,74,206,134,96,121,Prof Services
1548,11,1,12,45,11,45,47,8,6,14,0,8,4,8,7,10,15,4,0,9,Prof Services
1549,13,7,14,17,6,8,9,4,4,2,0,1,6,1,1,12,7,5,0,0,Prof Services
1550,19,7,22,38,23,22,2,10,10,25,0,6,7,4,9,13,18,9,0,0,Prof Services
1551,0,0,0,0,0,0,0,0,0,0,0,0,0,0,0,0,0,0,0,0,Prof Services
1552,2,1,1,3,0,3,1,3,1,0,0,0,0,1,0,0,1,0,0,0,Prof Services
1553,12,3,11,19,4,9,1,5,7,6,0,1,3,2,2,1,6,0,0,0,Prof Services
1554,49,34,76,194,76,167,51,31,30,53,4,86,36,11,33,46,58,67,3,113,Prof Services
1555,100,118,137,599,647,435,83,68,91,217,174,329,56,202,109,79,198,139,186,157,Prof Services
1556,23,11,16,51,30,11,1,9,10,13,0,7,5,13,6,9,21,9,0,16,Prof Services
1557,16,1,9,19,11,17,2,8,3,9,0,2,3,1,7,1,2,1,0,0,Prof Services
1558,2,1,1,4,0,3,1,3,1,0,0,0,0,1,0,0,2,0,0,0,Prof Services
1559,8,1,3,4,0,2,6,5,4,2,0,0,1,0,0,0,2,0,0,0,Prof Services
1560,14,2,8,24,3,7,16,4,9,9,0,4,3,3,2,6,8,0,0,0,Prof Services
1561,18,3,20,35,6,28,11,10,7,19,0,14,6,2,11,5,7,2,0,2,Prof Services
1562,264,83,60,356,277,76,33,66,39,84,66,160,59,27,40,63,139,15,68,32,Prof Services
1563,333,51,98,411,450,80,50,61,49,109,161,174,29,94,55,61,191,76,122,56,Prof Services
1564,37,29,33,68,45,33,19,14,14,22,38,23,16,38,7,22,20,19,37,5,Prof Services
1565,67,81,131,585,2,497,777,63,85,208,193,348,39,70,110,74,243,127,217,199,Prof Services
1566,349,69,207,675,13,128,578,89,68,133,151,276,96,48,67,59,164,62,125,114,Prof Services
1567,9,2,9,18,5,11,1,10,5,6,0,1,4,1,2,1,6,0,0,1,Prof Services
1568,17,5,23,53,45,28,2,12,19,11,2,12,7,9,5,17,15,5,3,3,Prof Services
1569,341,56,78,371,474,80,19,47,53,124,2,224,38,102,52,71,192,38,2,57,Prof Services
1570,94,140,111,533,2,725,702,110,104,351,201,407,89,70,158,127,333,277,235,240,Prof Services
1571,318,46,78,389,445,53,25,49,44,99,67,153,50,96,45,50,179,52,70,32,Prof Services
1572,311,46,77,304,260,58,93,34,57,100,149,138,27,18,39,53,142,52,152,59,Prof Services
1573,5,3,66,104,0,44,85,42,14,22,0,82,14,12,19,4,49,4,1,12,Prof Services
1574,276,89,134,394,228,118,121,60,49,105,90,202,67,28,67,72,150,43,86,79,Prof Services
1575,54,50,71,95,47,67,44,36,18,41,133,49,35,13,17,23,45,36,126,38,Prof Services
1576,269,62,99,355,274,109,56,50,47,94,166,156,57,20,44,77,125,58,141,43,Prof Services
1577,346,140,134,721,416,210,117,97,90,152,186,253,51,33,91,117,288,80,171,101,Prof Services
1578,309,54,75,396,407,64,39,46,48,109,86,152,39,147,51,64,183,72,77,48,Prof Services
1579,250,36,81,330,273,75,51,54,42,93,129,172,39,31,29,64,97,37,125,46,Prof Services
1580,5,9,9,20,3,14,3,8,3,9,4,2,8,1,1,4,4,1,3,2,Prof Services
1581,18,2,12,19,0,16,1,6,5,8,0,4,4,2,3,7,9,1,0,1,Prof Services
1582,11,1,12,45,11,45,47,8,6,14,0,8,4,8,7,10,15,4,0,9,Prof Services
1583,33,5,17,34,36,16,2,8,10,9,1,11,3,8,4,16,6,4,1,1,Prof Services
1584,250,44,51,260,266,77,62,57,40,91,163,182,47,30,22,55,55,38,109,54,Prof Services
1585,151,55,132,612,1,430,679,72,172,264,4,338,31,87,100,76,319,145,6,109,Prof Services
1586,0,0,0,0,0,0,0,0,0,0,0,0,0,0,0,0,0,0,0,0,Prof Services
1587,30,5,15,41,1,6,50,5,16,9,1,6,3,4,7,35,18,24,1,4,Prof Services
1588,313,77,121,396,351,94,50,47,58,93,106,183,49,23,52,66,188,61,108,76,Prof Services
1589,299,78,78,466,9,94,475,63,42,110,153,178,51,90,56,81,173,105,140,63,Prof Services
1590,254,42,63,303,316,70,72,39,32,90,133,163,29,14,41,45,147,39,130,51,Prof Services
1591,340,41,87,392,431,52,22,47,44,102,64,155,41,107,46,51,182,51,61,28,Prof Services
1592,4,5,10,20,2,7,4,8,4,2,9,5,13,1,1,1,3,1,10,1,Prof Services
1593,126,128,152,628,682,441,86,76,96,230,181,352,57,205,116,81,209,146,187,164,Prof Services
1594,28,15,37,79,35,23,22,14,13,10,27,14,21,4,9,15,31,3,26,12,Prof Services
1595,27,5,21,43,6,32,32,16,10,8,22,4,20,7,4,10,19,7,25,7,Prof Services
1596,248,55,51,401,3,155,423,52,38,108,129,228,48,29,51,76,134,124,122,97,Prof Services
1597,42,11,42,97,74,32,7,24,17,30,37,44,28,1,17,8,48,2,31,23,Prof Services
1598,7,7,14,22,0,24,3,6,7,7,0,2,8,1,6,0,3,1,0,1,Prof Services
1599,10,6,10,23,9,5,3,10,3,4,17,1,15,0,1,8,5,7,19,0,Prof Services
1600,9,0,7,11,1,5,8,4,3,0,1,1,1,1,0,4,4,0,1,0,Prof Services
1601,182,16,38,128,2,34,8,22,34,36,1,57,3,8,24,23,86,11,1,19,Prof Services
1602,32,45,61,103,42,65,29,19,17,33,21,44,40,7,13,14,29,30,17,47,Prof Services
1603,95,149,138,604,628,450,142,70,103,231,200,343,55,239,119,80,261,119,237,180,Prof Services
1604,23,0,5,26,30,9,1,2,4,5,0,10,1,0,2,16,7,0,0,4,Prof Services
1605,29,27,35,100,27,27,15,22,17,23,5,25,36,3,7,40,10,7,6,2,Prof Services
1606,36,23,32,72,47,35,5,24,16,14,3,13,6,8,8,30,27,4,3,2,Prof Services
1607,76,39,118,478,12,487,579,66,165,200,209,299,53,56,62,50,125,115,241,163,Prof Services
1608,18,1,12,28,0,12,11,6,4,4,0,2,4,1,3,1,5,1,0,0,Prof Services
1609,273,102,118,553,10,91,439,52,55,119,102,201,40,27,63,62,172,70,93,77,Prof Services
1610,2,0,2,2,0,6,1,2,3,0,0,0,0,4,0,0,3,0,0,2,Prof Services
1611,5,5,10,22,0,29,1,12,3,12,0,2,3,0,8,0,27,0,0,2,Prof Services
1612,88,142,113,637,658,401,88,77,115,224,95,374,62,194,131,75,254,108,114,132,Prof Services
1613,42,23,48,96,108,72,45,38,27,44,0,22,32,3,25,48,96,68,0,45,Prof Services
1614,13,1,4,15,0,3,10,6,4,0,0,0,2,1,0,0,2,2,0,0,Prof Services
1615,2,1,1,3,0,3,1,3,1,0,0,0,0,1,0,0,2,0,0,0,Prof Services
1616,346,53,117,422,507,106,21,57,54,115,161,169,143,94,52,70,209,81,123,55,Prof Services
1617,0,3,10,14,1,21,13,4,2,4,1,3,3,3,2,0,5,0,0,0,Prof Services
1618,91,110,204,610,5,426,759,71,94,173,215,322,66,62,83,52,196,142,224,193,Prof Services
1619,9,1,6,14,4,5,2,4,3,0,0,1,2,1,0,0,4,0,0,0,Prof Services
1620,11,2,15,47,11,45,45,11,7,14,0,8,4,9,8,10,15,4,0,8,Prof Services
1621,46,45,45,132,33,52,37,28,26,37,45,60,33,8,16,33,34,37,54,28,Prof Services
1622,33,2,23,57,0,27,5,14,20,9,3,12,8,10,7,11,19,3,3,3,Prof Services
1623,324,51,81,396,417,64,38,57,70,137,108,206,40,161,60,65,187,76,108,47,Prof Services
1624,366,65,117,365,6,134,357,64,230,148,96,226,41,28,84,84,175,111,94,75,Prof Services
1625,35,44,151,240,1,209,206,48,30,52,47,137,39,22,29,41,159,2,45,37,Prof Services
1626,20,1,17,24,1,20,9,10,4,20,0,5,6,1,14,1,13,1,0,0,Prof Services
1627,291,50,118,335,339,86,45,52,51,99,105,201,35,19,60,58,177,56,82,49,Prof Services
1628,277,79,63,368,293,74,28,56,36,83,69,178,55,26,41,61,144,14,66,35,Prof Services
1629,41,34,53,68,16,80,51,19,22,27,98,38,36,5,11,23,84,34,96,36,Prof Services
1630,135,124,151,623,684,449,83,72,96,225,184,353,62,208,119,84,209,146,189,164,Prof Services
1631,322,47,96,393,392,89,53,53,70,104,159,148,39,85,60,59,194,80,106,50,Prof Services
1632,321,63,88,430,547,59,3,48,43,110,76,175,30,122,50,54,189,67,74,35,Prof Services
1633,1,0,3,3,0,5,1,3,2,0,0,3,0,0,1,1,2,0,0,0,Prof Services
1634,91,60,129,201,14,150,186,46,48,74,329,92,59,32,22,72,47,90,265,75,Prof Services
1635,100,146,212,653,12,519,644,105,147,271,330,411,119,90,141,94,331,206,369,229,Prof Services
1636,275,63,64,362,0,93,358,52,43,93,98,176,29,19,46,75,127,46,92,41,Prof Services
1637,313,69,89,426,550,60,3,48,46,108,79,166,41,121,49,61,194,70,77,28,Prof Services
1638,315,61,86,409,420,64,71,44,54,107,66,150,42,124,44,64,200,68,73,50,Prof Services
1639,20,7,20,48,38,33,2,9,19,11,3,11,4,7,4,16,12,4,3,2,Prof Services
1640,279,34,52,304,290,35,8,45,53,90,4,180,29,40,40,64,140,10,5,10,Prof Services
1641,89,175,52,514,9,124,104,94,91,80,0,124,170,9,44,163,49,18,0,9,Prof Services
1642,22,19,36,73,5,25,6,18,18,12,19,22,30,1,3,24,38,3,12,6,Prof Services
1643,44,35,60,82,86,69,3,19,18,35,155,38,31,21,12,30,29,44,146,31,Prof Services
1644,12,6,20,42,16,22,2,11,9,17,0,13,5,4,10,4,10,0,0,4,Prof Services
1645,293,90,131,429,407,97,64,55,58,117,145,205,41,34,69,59,294,75,140,78,Prof Services
1646,28,19,72,81,20,42,30,26,7,38,69,12,54,8,19,10,36,5,56,45,Prof Services
1647,16,12,25,70,0,47,55,15,14,16,2,13,5,9,9,18,12,4,3,3,Prof Services
1648,110,72,106,475,32,458,525,80,72,189,184,293,52,93,103,60,254,103,205,160,Prof Services
1649,17,3,20,54,45,31,2,10,18,11,2,12,5,9,3,17,18,5,2,4,Prof Services
1650,11,1,7,9,6,4,1,3,4,1,1,4,3,1,2,8,6,0,1,0,Prof Services
1651,20,27,76,103,9,46,27,26,11,12,60,10,47,8,6,14,48,6,48,28,Prof Services
1652,107,151,128,609,623,446,139,77,154,250,200,395,62,254,140,78,323,117,236,190,Prof Services
1653,341,49,96,408,478,93,20,57,53,112,158,168,38,94,47,68,194,81,124,54,Prof Services
1654,14,3,25,86,0,63,98,9,8,29,1,47,2,10,14,10,23,3,1,18,Prof Services
1655,321,51,85,400,422,91,59,61,67,117,160,162,39,92,67,61,230,82,131,57,Prof Services
1656,318,58,81,411,547,58,3,39,39,103,74,161,34,123,47,54,187,67,78,33,Prof Services
1657,15,2,9,21,2,5,30,3,6,7,1,9,1,1,4,7,13,3,1,1,Prof Services
1658,103,125,141,597,650,436,86,67,91,218,182,329,55,206,107,81,201,140,193,157,Prof Services
1659,261,31,64,312,307,57,22,42,28,82,69,144,32,12,34,35,164,13,68,30,Prof Services
1660,103,125,248,599,650,439,88,71,92,221,182,329,58,204,108,79,201,139,190,157,Prof Services
1661,25,28,71,70,35,72,48,21,15,29,183,29,50,7,8,13,38,35,143,43,Prof Services
1662,1,0,9,4,0,7,1,5,4,0,0,2,1,4,2,1,5,0,0,1,Prof Services
1663,558,109,109,723,3,175,724,75,34,215,205,192,61,180,120,131,280,478,201,235,Prof Services
1664,308,73,86,436,413,100,50,53,57,120,159,174,46,88,65,81,169,72,148,47,Prof Services
1665,151,12,31,110,1,41,171,20,19,41,2,90,7,5,29,15,52,22,1,14,Prof Services
1666,215,42,70,257,0,96,264,42,42,67,107,116,33,26,36,42,121,47,101,48,Prof Services
1667,234,16,92,215,266,11,9,19,90,51,2,122,4,12,33,41,121,5,1,23,Prof Services
1668,40,5,20,57,0,6,50,11,15,10,3,11,4,8,4,18,13,5,3,3,Prof Services
1669,12,1,11,16,0,12,1,8,6,6,0,3,2,2,3,0,7,0,0,0,Prof Services
1670,275,65,95,365,304,178,45,45,58,146,168,182,36,38,77,87,189,169,167,93,Prof Services
1671,16,4,14,35,12,25,22,7,5,8,4,8,3,7,3,20,10,11,4,2,Prof Services
1672,93,40,61,193,12,84,201,31,12,59,204,66,63,18,29,45,66,84,210,43,Prof Services
1673,33,98,125,427,0,380,596,69,93,164,258,323,53,165,105,47,225,92,257,153,Prof Services
1674,99,118,157,674,15,534,711,87,103,233,248,341,87,70,125,110,267,97,280,220,Prof Services
1675,2,0,2,2,0,4,1,4,3,0,0,0,1,5,0,0,6,0,0,2,Prof Services
1676,306,52,104,409,394,104,49,48,46,112,164,150,27,86,53,56,186,83,134,54,Prof Services
1677,12,1,15,23,7,17,1,6,7,10,0,3,3,4,3,2,11,0,0,0,Prof Services
1678,127,126,138,608,711,441,85,80,92,225,185,347,88,219,117,81,386,145,195,165,Prof Services
1679,30,4,18,39,0,35,30,17,15,50,0,44,8,13,25,31,37,11,0,15,Prof Services
1680,41,23,48,78,9,26,14,17,8,15,68,30,39,1,9,12,28,8,58,24,Prof Services
1681,12,1,11,23,9,17,1,9,7,5,0,2,9,5,2,2,7,1,0,0,Prof Services
1682,14,3,27,69,0,64,96,9,9,29,1,48,2,10,14,11,34,3,1,18,Prof Services
1683,328,91,89,481,407,114,51,64,62,136,155,183,65,87,55,98,177,81,125,48,Prof Services
1684,0,4,8,14,1,25,13,3,2,3,4,3,3,3,2,0,4,0,2,0,Prof Services
1685,11,1,17,24,20,8,1,5,6,5,0,5,2,3,2,6,13,6,0,0,Prof Services
1686,12,1,7,18,7,13,0,7,8,17,0,5,4,1,4,3,10,3,0,0,Prof Services
1687,0,3,7,17,1,36,24,4,1,4,1,3,6,3,3,0,3,0,0,0,Prof Services
1688,1,1,4,4,0,6,1,6,3,0,0,0,1,4,1,0,5,0,0,1,Prof Services
1689,31,52,16,91,25,24,5,10,14,23,0,24,4,4,15,8,16,11,0,1,Prof Services
1690,10,1,11,41,12,40,46,6,6,8,0,7,2,9,5,20,14,4,0,8,Prof Services
1691,94,150,138,599,621,455,142,72,101,232,202,342,58,238,116,79,279,120,238,179,Prof Services
1692,255,29,46,269,283,60,21,40,26,65,64,130,27,39,31,40,142,12,57,19,Prof Services
1693,16,4,10,33,0,16,13,9,10,13,0,8,6,9,8,4,12,2,0,4,Prof Services
1694,13,1,10,17,10,9,1,10,4,6,0,2,3,2,3,5,3,1,0,0,Prof Services
1695,132,16,23,94,8,26,96,12,15,26,0,40,3,2,18,41,44,21,0,34,Prof Services
1696,14,0,7,13,11,5,1,6,4,4,0,1,2,1,2,5,2,1,0,0,Prof Services
1697,126,125,145,612,681,437,86,71,95,223,184,350,56,203,113,79,206,144,187,163,Prof Services
1698,308,64,97,481,391,122,68,56,51,119,160,164,46,91,53,78,185,87,152,53,Prof Services
1699,295,49,90,366,309,96,49,48,41,99,121,161,35,19,44,59,169,47,111,47,Prof Services
1700,349,52,229,671,12,194,88,83,64,133,197,329,62,45,59,76,178,100,170,118,Prof Services
1701,18,18,25,48,3,54,16,13,8,13,50,14,26,4,5,2,11,8,44,13,Prof Services
1702,118,127,151,627,713,407,40,73,98,202,103,320,68,169,118,74,201,136,100,120,Prof Services
1703,335,60,118,474,535,109,48,56,46,134,219,210,59,215,58,76,217,103,223,76,Prof Services
1704,276,12,35,199,318,17,7,31,68,88,1,158,20,12,29,27,37,17,2,15,Prof Services
1705,9,2,10,20,5,15,5,11,6,7,0,1,4,2,3,1,6,0,0,1,Prof Services
1706,285,23,80,351,409,60,44,43,47,106,75,152,38,123,22,62,63,66,82,37,Prof Services
1707,0,4,6,14,1,23,13,4,1,3,4,3,2,3,2,0,3,0,2,0,Prof Services
1708,55,89,138,187,6,129,47,73,5,22,209,28,141,4,35,7,53,33,163,120,Prof Services
1709,28,31,54,109,52,92,45,23,22,33,115,42,32,16,13,23,27,39,111,33,Prof Services
1710,92,163,136,579,2,409,642,72,74,188,106,289,63,166,93,63,252,110,136,126,Prof Services
1711,343,50,108,417,486,96,21,58,53,114,159,168,52,93,48,74,213,81,130,55,Prof Services
1712,20,32,46,94,9,50,19,14,10,24,57,27,34,4,11,5,31,10,68,27,Prof Services
1713,247,44,98,322,311,53,49,38,41,77,146,144,20,14,36,45,143,56,114,43,Prof Services
1714,15,7,19,38,3,10,10,11,7,10,0,5,6,8,5,6,20,0,0,1,Prof Services
1715,106,125,140,601,653,441,86,68,91,216,180,333,56,204,111,80,203,139,189,159,Prof Services
1716,309,55,98,453,392,115,66,57,55,121,161,164,48,89,50,72,181,85,156,53,Prof Services
1717,29,17,45,80,46,67,36,17,23,32,64,26,24,10,9,20,33,23,59,30,Prof Services
1718,26,40,21,122,14,39,11,27,18,23,15,35,54,2,6,40,18,6,20,4,Prof Services
1719,317,64,92,495,538,91,61,53,51,134,128,214,57,185,59,70,207,102,134,91,Prof Services
1720,39,27,34,65,44,36,21,16,19,24,37,20,20,40,7,22,23,19,41,5,Prof Services
1721,292,79,71,383,314,73,29,59,39,88,67,195,57,26,45,60,146,14,69,40,Prof Services
1722,19,145,26,319,17,105,2,37,47,61,0,109,111,1,21,146,21,20,0,7,Prof Services
1723,23,28,40,54,8,66,48,18,15,23,154,30,42,6,8,12,22,32,113,31,Prof Services
1724,13,1,18,28,1,13,7,7,12,2,0,2,6,2,4,3,6,1,0,3,Prof Services
1725,17,1,11,29,12,18,3,10,6,17,0,10,7,2,11,5,11,1,0,2,Prof Services
1726,9,1,6,11,0,13,39,4,2,2,0,18,1,0,1,7,11,0,0,2,Prof Services
1727,18,2,18,27,1,6,22,8,14,3,0,3,5,2,3,16,25,1,0,0,Prof Services
1728,336,53,114,479,545,93,30,53,51,119,136,184,51,171,55,69,202,95,138,57,Prof Services
1729,12,1,6,9,11,6,1,4,5,1,1,7,3,1,2,8,5,0,1,2,Prof Services
1730,13,1,4,12,0,4,6,6,5,6,0,0,3,1,2,4,5,0,0,0,Prof Services
1731,27,26,55,74,11,56,27,35,9,16,38,16,41,0,8,10,93,5,44,29,Prof Services
1732,91,132,141,542,5,490,649,66,74,190,115,293,52,254,90,63,410,110,151,127,Prof Services
1733,322,77,104,427,416,94,51,67,48,113,156,169,56,93,54,83,182,78,131,49,Prof Services
1734,52,80,105,564,3,407,528,45,162,154,158,260,42,55,64,52,148,93,160,157,Prof Services
1735,14,1,3,17,0,2,15,3,4,4,0,3,2,0,0,8,10,0,0,0,Prof Services
1736,17,1,10,32,0,9,18,11,7,8,0,5,2,2,1,5,12,2,0,1,Prof Services
1737,22,6,27,45,46,27,2,9,6,16,0,8,3,16,11,16,12,5,0,2,Prof Services
1738,2,1,5,3,0,4,1,2,2,1,1,0,0,0,0,3,5,1,2,0,Prof Services
1739,13,2,11,16,0,14,7,10,6,12,0,4,5,2,4,3,10,0,0,1,Prof Services
1740,6,33,86,161,4,34,49,36,25,30,10,64,25,12,31,10,59,8,9,21,Prof Services
1741,291,36,98,404,385,147,65,50,55,133,5,197,32,20,59,63,150,6,2,90,Prof Services
1742,12,1,13,23,10,22,2,9,2,6,0,1,3,3,5,4,9,1,0,0,Prof Services
1743,101,124,143,584,642,434,84,67,89,215,176,329,55,203,106,79,198,139,167,158,Prof Services
1744,23,18,36,79,28,47,11,12,12,22,36,19,16,4,7,14,17,18,32,8,Prof Services
1745,2,1,1,3,0,4,1,3,1,0,0,0,0,1,0,0,2,0,0,0,Prof Services
1746,272,53,68,341,3,78,384,48,47,89,110,169,25,15,40,69,166,55,104,40,Prof Services
1747,20,0,3,23,26,7,1,4,6,5,0,11,1,0,2,11,6,0,0,3,Prof Services
1748,304,69,97,416,324,104,69,53,76,110,87,193,57,50,57,81,198,55,87,123,Prof Services
1749,122,31,68,168,136,38,13,25,20,35,71,53,26,48,22,18,77,32,58,20,Prof Services
1750,32,49,18,82,0,18,23,19,16,25,0,33,11,5,16,8,11,12,0,0,Prof Services
1751,277,65,74,313,273,83,52,42,53,90,93,145,33,18,43,56,165,56,96,43,Prof Services
1752,76,84,160,686,3,425,760,61,67,205,188,312,54,68,116,70,221,115,214,217,Prof Services
1753,11,2,7,10,8,4,1,4,3,1,1,6,3,0,2,5,4,0,1,1,Prof Services
1754,268,56,59,302,310,30,9,43,57,70,1,167,30,10,35,56,130,7,2,12,Prof Services
1755,270,17,45,252,351,27,9,39,78,69,1,189,22,7,29,54,71,6,2,15,Prof Services
1756,325,63,90,424,414,98,52,52,49,123,151,169,45,84,63,76,176,81,131,46,Prof Services
1757,12,1,12,16,10,10,1,9,5,9,0,2,4,5,4,1,5,2,0,1,Prof Services
1758,22,35,80,159,0,169,164,19,20,35,4,88,15,25,23,38,36,2,4,23,Prof Services
1759,17,4,11,26,23,21,12,5,5,5,1,8,4,6,3,18,6,6,1,2,Prof Services
1760,20,4,20,50,36,27,2,7,17,10,3,12,4,7,3,13,16,5,3,3,Prof Services
1761,0,3,5,11,1,22,21,2,1,4,1,3,3,2,2,0,3,0,0,0,Prof Services
1762,74,76,164,557,4,467,713,64,84,202,200,323,47,71,91,69,201,109,228,171,Prof Services
1763,13,9,23,56,51,45,8,14,11,25,1,15,8,7,9,17,14,6,1,2,Prof Services
1764,94,154,138,603,621,452,143,68,101,230,200,342,54,241,115,78,281,120,237,179,Prof Services
1765,15,2,15,38,9,35,26,8,5,9,0,3,3,5,8,23,7,5,0,2,Prof Services
1766,0,0,0,2,0,1,0,0,0,0,0,0,0,0,0,0,1,0,0,0,Prof Services
1767,29,19,37,83,30,45,29,22,5,14,40,10,23,10,6,13,18,6,46,16,Prof Services
1768,26,1,15,28,0,23,25,19,7,16,1,4,9,2,8,12,15,5,1,1,Prof Services
1769,323,64,94,477,602,79,2,52,53,132,164,210,45,183,57,70,208,103,171,91,Prof Services
1770,334,81,81,419,332,111,147,63,49,125,112,246,58,26,72,76,180,85,99,74,Prof Services
1771,106,145,177,733,3,423,817,79,125,243,101,392,57,187,126,142,220,347,92,139,Prof Services
1772,126,124,150,615,676,438,84,72,96,225,169,351,53,207,111,81,203,145,170,164,Prof Services
1773,53,11,30,119,80,44,34,38,9,50,59,88,57,8,8,16,19,6,70,35,Prof Services
1774,17,4,21,50,37,20,2,9,19,7,0,9,5,8,5,14,14,5,0,3,Prof Services
1775,2,1,1,4,0,3,1,3,1,0,0,0,0,1,0,0,1,0,0,0,Prof Services
1776,38,24,34,61,44,30,19,13,16,23,22,17,5,31,6,21,20,19,24,4,Prof Services
1777,357,53,113,419,493,98,20,59,53,121,161,177,41,96,51,70,197,79,126,54,Prof Services
1778,42,19,63,106,5,51,69,15,27,13,64,17,33,9,10,19,18,6,63,23,Prof Services
1779,69,80,107,371,31,417,456,51,134,155,200,230,36,62,68,44,239,92,195,152,Prof Services
1780,68,79,161,669,615,493,164,62,94,223,198,346,47,71,119,63,229,138,229,204,Prof Services
1781,2,0,1,1,0,7,1,2,3,0,0,0,1,4,0,0,4,0,0,2,Prof Services
1782,43,62,144,242,11,245,208,46,42,60,133,122,75,34,35,56,70,24,128,68,Prof Services
1783,46,56,5,21,2,196,186,83,13,327,0,95,22,101,105,12,230,226,0,37,Prof Services
1784,21,21,34,71,13,45,29,16,9,33,53,28,18,8,12,14,16,28,51,27,Prof Services
1785,37,49,79,227,26,71,60,20,35,49,166,92,37,12,19,26,35,37,130,38,Prof Services
1786,252,25,84,285,269,74,57,47,40,78,167,159,37,31,32,51,99,35,144,50,Prof Services
1787,296,77,89,473,11,100,479,60,41,115,168,171,52,91,58,78,174,107,140,64,Prof Services
1788,28,32,52,88,22,65,59,20,21,35,163,29,39,9,9,21,36,33,120,42,Prof Services
1789,6,14,45,96,0,85,48,10,8,33,56,15,26,4,16,4,11,46,47,100,Prof Services
1790,54,1,10,34,0,5,1,9,4,8,0,3,0,8,13,4,4,24,0,5,Prof Services
1791,12,4,10,22,13,8,1,4,6,8,0,3,1,2,1,9,7,4,0,0,Prof Services
1792,156,24,87,242,1,23,212,19,11,44,22,31,14,36,20,37,80,106,22,37,Prof Services
1793,96,16,31,84,0,32,82,17,23,43,2,36,16,15,36,37,24,49,2,11,Prof Services
1794,47,88,120,501,4,418,730,75,187,217,136,406,56,272,123,52,401,96,142,167,Prof Services
1795,239,44,107,330,0,93,330,51,65,93,108,155,36,16,48,53,167,30,87,44,Prof Services
1796,2,1,1,4,0,3,1,3,2,0,0,0,0,1,0,0,2,0,0,0,Prof Services
1797,37,2,25,83,0,4,3,12,13,27,0,10,5,0,9,44,11,25,0,6,Comptroller
1798,9,18,25,111,0,12,13,31,7,24,0,12,19,7,3,27,8,67,1,11,Comptroller
1799,50,2,16,33,0,7,2,5,2,18,0,31,1,0,3,10,3,2,0,2,Comptroller
1800,36,1,22,72,0,10,6,13,14,25,0,11,8,2,3,47,15,22,0,1,Comptroller
1801,39,1,26,81,0,4,4,12,13,26,0,9,5,0,7,44,10,23,0,1,Comptroller
1802,25,0,35,60,0,5,5,6,9,22,0,6,0,1,5,48,11,31,0,1,Comptroller
1803,7,23,11,65,4,18,7,15,8,10,0,16,27,1,5,26,4,8,0,1,Comptroller
1804,40,1,30,82,0,8,5,12,16,28,0,10,6,2,6,48,18,24,0,3,Comptroller
1805,27,2,29,88,0,9,5,16,6,24,0,6,3,0,7,42,12,37,0,15,Comptroller
1806,91,8,31,88,0,18,3,11,12,25,0,68,4,9,9,29,7,1,0,1,Comptroller
1807,64,14,50,92,0,5,1,21,4,24,0,2,7,2,3,30,1,56,0,3,Comptroller
1808,48,8,56,172,2,75,81,22,13,53,1,24,7,20,19,61,23,143,1,80,Comptroller
1809,227,58,85,412,3,35,44,102,34,152,23,9,17,32,57,106,11,598,22,74,Comptroller
1810,75,9,15,69,0,4,3,7,3,16,0,56,2,0,10,23,6,1,0,2,Comptroller
1811,7,1,52,111,0,4,1,13,58,24,0,13,27,5,5,23,26,53,0,4,Comptroller
1812,1,0,0,4,0,5,1,3,2,0,0,0,0,1,0,1,2,1,0,1,Comptroller
1813,2,0,7,21,0,3,1,7,2,8,0,0,3,0,0,1,1,6,0,1,Comptroller
1814,97,11,42,110,0,29,4,20,13,26,0,62,9,6,12,34,8,1,0,2,Comptroller
1815,91,11,27,98,0,14,3,8,6,18,0,69,2,8,10,32,9,1,0,1,Comptroller
1816,43,8,36,119,0,20,5,22,20,34,0,20,8,0,8,45,20,25,0,3,Comptroller
1817,8,0,1,7,5,6,1,5,6,3,0,0,0,0,0,0,10,2,0,1,Comptroller
1818,61,0,13,53,0,3,1,11,3,8,0,0,0,1,4,3,3,20,0,2,Comptroller
1819,68,12,24,110,1,25,6,15,7,25,0,47,19,4,10,42,8,5,0,2,Comptroller
1820,38,1,27,75,0,9,5,12,15,31,0,11,2,3,7,32,16,23,0,4,Comptroller
1821,28,12,10,48,0,8,1,13,5,8,0,6,2,3,3,22,1,28,0,2,Comptroller
1822,0,0,0,0,0,0,0,0,0,0,0,0,0,0,0,0,0,0,0,0,Comptroller
1823,36,2,26,83,0,3,4,13,13,26,0,9,4,0,7,44,10,23,0,7,Comptroller
1824,37,0,28,77,0,9,6,12,14,25,0,11,4,2,3,47,17,22,0,1,Comptroller
1825,11,10,10,15,0,28,58,6,4,3,0,6,7,0,1,26,1,7,0,3,Comptroller
1826,6,1,26,58,0,6,1,6,7,7,0,0,1,10,2,19,1,11,0,1,Comptroller
1827,80,10,16,78,0,25,7,21,9,15,0,4,1,1,8,45,1,38,0,1,Comptroller
1828,374,133,62,505,0,25,11,43,44,117,1,164,13,18,63,96,143,136,1,23,Comptroller
1829,38,2,12,45,0,5,2,4,2,11,0,12,0,0,2,8,2,2,0,1,Comptroller
1830,40,1,10,41,0,5,4,9,8,10,0,14,2,0,1,8,2,32,0,12,Comptroller
1831,32,1,33,82,0,9,5,13,13,28,0,10,4,2,6,44,17,22,0,2,Comptroller
1832,29,0,1,8,0,3,1,5,1,10,0,0,0,0,0,2,1,38,0,2,Comptroller
1833,490,31,32,193,6,64,90,114,57,246,0,441,36,46,35,69,10,289,0,165,Comptroller
1834,61,10,34,68,0,7,2,15,8,19,0,3,5,4,5,22,1,56,0,6,Comptroller
1835,37,1,30,80,0,9,5,14,15,28,0,10,6,2,6,44,18,23,0,2,Comptroller
1836,56,6,4,52,7,5,1,12,5,13,0,4,0,2,1,28,9,15,0,1,Comptroller
1837,149,18,110,339,0,31,44,55,31,67,18,22,9,25,19,134,10,364,19,16,Comptroller
1838,255,16,26,539,0,16,40,18,8,93,1,13,3,20,66,88,85,373,1,18,Comptroller
1839,100,29,32,149,1,28,4,19,11,33,0,81,20,7,13,52,11,10,0,3,Comptroller
1840,4,4,44,65,1,15,4,31,31,49,0,55,105,6,16,15,12,27,0,3,Comptroller
1841,7,6,38,73,0,5,1,27,28,34,1,2,2,5,6,23,7,114,0,1,Comptroller
1842,38,1,28,82,0,8,5,13,14,27,0,11,5,0,6,44,17,24,0,4,Comptroller
1843,80,43,40,142,1,28,28,19,6,35,0,56,27,5,15,45,7,8,0,6,Comptroller
1844,7,0,12,34,0,5,2,4,2,5,0,0,1,2,0,4,13,6,0,5,Comptroller
1845,36,1,26,81,0,8,5,11,14,28,0,10,3,2,6,45,18,23,0,2,Comptroller
1846,50,34,46,227,3,28,15,45,18,40,0,36,28,5,11,68,8,91,0,12,Comptroller
1847,102,1,11,177,0,7,4,13,1,18,0,0,0,12,27,9,2,124,0,93,Comptroller
1848,13,0,29,29,0,5,2,5,4,0,0,1,0,0,0,0,1,4,0,5,Comptroller
1849,125,12,76,193,0,10,16,17,37,28,0,19,0,11,11,74,11,72,0,7,Comptroller
1850,42,3,17,69,0,6,1,19,5,19,0,1,0,3,2,28,1,50,0,1,Comptroller
1851,7,11,9,61,1,17,7,12,20,10,0,11,4,0,5,12,8,13,0,5,Comptroller
1852,11,25,22,108,0,6,1,29,6,23,1,11,8,3,16,28,7,67,1,19,Comptroller
1853,77,79,167,659,2,363,613,71,58,200,148,283,60,49,93,57,132,108,115,148,Comptroller
1854,14,20,11,68,1,16,2,18,21,19,0,13,20,0,3,23,5,28,0,1,Comptroller
1855,8,19,17,119,1,16,1,14,18,23,0,16,18,9,4,39,12,44,0,3,Comptroller
1856,2,1,2,11,0,5,1,5,20,34,0,23,3,4,1,6,1,15,0,3,Comptroller
1857,59,0,10,105,0,4,15,6,14,19,0,0,2,1,13,22,3,72,0,11,Comptroller
1858,78,1,19,22,0,0,2,8,7,9,0,3,3,3,3,8,3,9,0,9,Comptroller
1859,36,1,30,84,0,4,5,11,13,26,0,9,1,0,7,44,10,23,0,1,Comptroller
1860,7,2,53,108,0,4,1,12,63,23,0,13,24,5,4,23,28,54,0,3,Comptroller
1861,1,0,14,19,0,7,1,5,1,5,0,0,1,0,1,10,3,10,0,1,Comptroller
1862,39,1,14,53,0,5,4,4,2,16,0,28,2,0,2,9,1,2,0,1,Comptroller
1863,23,0,26,33,0,5,1,6,5,2,0,1,0,1,0,7,2,12,0,8,Comptroller
1864,165,8,41,223,2,32,23,22,19,59,0,63,3,11,27,68,57,60,0,9,Comptroller
1865,37,1,32,83,0,11,5,11,14,32,0,11,7,2,6,47,18,24,0,3,Comptroller
1866,172,187,67,640,6,109,58,162,27,111,19,133,140,23,56,163,21,275,21,37,Comptroller
1867,38,0,21,72,0,9,6,12,16,25,0,11,6,2,3,47,18,22,0,1,Comptroller
1868,43,7,34,116,0,21,8,22,20,35,0,20,7,0,9,53,19,25,0,4,Comptroller
1869,45,10,32,113,0,16,10,19,20,30,0,19,6,0,8,53,20,25,0,4,Comptroller
1870,106,11,37,116,0,16,3,9,7,23,0,77,3,7,13,33,11,3,0,3,Comptroller
1871,197,31,60,377,1,27,41,90,20,119,13,9,7,21,43,63,5,511,11,41,Comptroller
1872,38,1,36,83,0,3,4,11,13,26,0,9,2,0,7,45,11,23,0,2,Comptroller
1873,37,0,60,72,0,5,1,9,9,14,0,0,0,1,7,18,15,27,0,1,Comptroller
1874,2,2,6,1,0,8,3,4,3,11,0,0,1,0,1,6,3,14,0,1,Comptroller
1875,39,1,30,79,0,9,5,13,15,30,0,11,6,0,7,46,17,24,0,2,Comptroller
1876,24,0,20,71,0,8,1,10,11,21,0,10,0,2,5,26,13,16,0,1,Comptroller
1877,105,28,31,135,1,25,4,14,10,33,0,75,18,9,11,49,9,5,0,2,Comptroller
1878,39,7,25,76,0,5,1,18,5,15,0,0,3,2,2,22,1,52,0,4,Comptroller
1879,53,4,8,45,0,3,1,9,4,7,0,2,0,1,2,28,1,2,0,3,Comptroller
1880,92,9,28,193,2,14,4,26,21,42,0,1,2,17,10,90,9,180,0,4,Comptroller
1881,2,0,6,4,0,2,1,7,2,3,0,0,1,1,1,3,1,8,0,0,Comptroller
1882,21,0,3,3,0,6,8,6,8,2,0,1,2,1,1,0,6,4,0,2,Comptroller
1883,36,1,29,82,0,8,5,11,14,28,0,10,4,2,6,45,18,23,0,2,Comptroller
1884,29,31,31,117,1,27,17,18,39,27,0,16,12,7,11,66,3,108,0,10,Comptroller
1885,38,1,27,81,0,2,4,10,13,24,0,10,2,0,7,46,14,24,0,1,Comptroller
1886,37,1,26,50,0,3,1,8,7,5,0,1,0,0,0,21,1,27,0,1,Comptroller
1887,180,30,46,281,1,48,151,32,33,63,1,84,20,9,30,91,64,42,1,31,Comptroller
1888,14,9,9,29,0,5,1,6,3,7,0,7,1,3,1,11,1,11,0,9,Comptroller
1889,146,15,15,255,1,7,8,31,5,48,0,5,2,4,22,11,25,266,0,22,Comptroller
1890,251,17,53,258,1,17,260,24,30,66,2,106,2,9,29,87,114,28,3,18,Comptroller
1891,232,15,32,214,0,34,32,25,24,55,0,104,3,18,39,44,107,9,0,14,Comptroller
1892,137,2,46,184,0,0,10,27,10,46,0,6,4,5,14,56,2,149,0,30,Comptroller
1893,37,1,31,85,0,9,5,14,15,33,0,11,5,3,7,47,18,24,0,2,Comptroller
1894,149,12,49,172,0,5,15,31,10,51,0,4,5,5,12,61,1,135,0,27,Comptroller
1895,37,1,28,77,0,4,4,7,13,27,0,10,4,0,6,43,17,23,0,2,Comptroller
1896,1,0,10,12,0,6,1,5,1,5,0,0,1,0,1,10,3,13,0,1,Comptroller
1897,10,3,26,44,8,19,4,20,4,16,0,24,20,9,4,14,4,25,0,5,Comptroller
1898,61,26,31,109,1,23,43,21,7,26,0,33,26,2,7,31,14,35,0,6,Comptroller
1899,126,4,59,166,0,6,10,15,30,25,0,13,0,10,4,58,8,68,0,4,Comptroller
1900,205,33,59,359,0,34,38,86,28,69,22,2,7,18,57,145,15,367,19,18,Comptroller
1901,8,6,40,73,0,6,1,27,24,33,1,2,2,7,6,23,6,116,0,1,Comptroller
1902,32,1,6,3,0,4,1,9,3,5,0,0,0,0,1,0,5,13,0,7,Comptroller
1903,45,1,1,2,0,4,1,7,4,8,0,5,0,0,0,6,1,3,0,3,Comptroller
1904,38,0,25,72,0,8,5,10,16,29,0,10,3,2,5,43,14,23,0,1,Comptroller
1905,5,1,7,16,0,5,1,3,10,7,0,0,1,0,1,1,6,21,0,1,Comptroller
1906,106,45,51,182,1,24,6,18,9,33,0,100,27,4,18,50,8,4,0,6,Comptroller
1907,38,3,27,83,0,4,4,11,13,26,0,9,4,0,7,44,10,23,0,2,Comptroller
1908,125,12,47,143,0,17,3,12,17,25,0,91,5,9,18,38,14,4,0,5,Comptroller
1909,98,44,48,179,1,21,5,20,6,33,0,98,24,4,16,46,10,5,0,6,Comptroller
1910,26,1,28,63,0,8,5,11,12,25,0,9,4,0,6,45,16,23,0,2,Comptroller
1911,36,1,26,85,0,4,4,11,13,27,0,9,5,0,7,43,10,24,0,1,Comptroller
1912,58,8,23,101,0,14,2,19,10,24,0,1,0,9,6,31,1,62,0,1,Comptroller
1913,18,26,40,130,1,23,2,44,38,45,1,17,23,8,8,42,11,124,0,3,Comptroller
1914,2,16,17,47,0,8,1,3,4,13,0,2,7,2,4,13,3,6,0,1,Comptroller
1915,50,1,33,75,0,7,18,12,11,27,0,6,5,8,15,23,23,52,0,40,Comptroller
1916,97,10,32,102,0,26,3,7,6,22,0,78,7,9,10,29,10,2,0,3,Comptroller
1917,41,1,28,81,0,12,5,13,14,29,0,11,6,0,7,44,17,24,0,2,Comptroller
1918,103,19,37,245,3,27,9,36,30,47,0,15,8,17,15,102,10,183,0,4,Comptroller
1919,33,0,5,18,0,5,2,6,7,6,0,0,0,1,1,1,16,18,0,2,Comptroller
1920,43,10,31,112,0,18,12,20,18,34,0,20,8,2,9,51,19,25,0,3,Comptroller
1921,61,20,23,107,1,27,6,16,7,27,0,47,20,4,10,41,9,5,0,2,Comptroller
1922,79,25,32,166,2,26,13,25,18,23,0,17,20,5,14,49,5,58,0,6,Comptroller
1923,52,17,18,105,1,17,5,17,14,22,0,30,21,0,9,33,7,34,0,13,Comptroller
1924,10,5,7,1,0,8,3,17,3,11,0,0,5,1,1,6,3,19,0,1,Comptroller
1925,36,0,24,83,0,4,4,11,13,26,0,9,2,0,7,43,11,23,0,1,Comptroller
1926,183,29,51,296,1,23,37,52,28,60,21,23,9,16,37,152,11,326,22,27,Comptroller
1927,41,1,30,80,0,9,5,13,15,26,0,10,7,0,7,45,19,24,0,3,Comptroller
1928,35,2,13,36,0,12,3,5,2,8,0,27,2,1,5,10,5,1,0,1,Comptroller
1929,103,29,29,136,1,25,4,13,10,32,0,77,16,9,11,53,9,5,0,2,Comptroller
1930,318,104,79,299,259,67,47,34,46,85,162,150,27,17,44,68,202,53,152,39,Comptroller
1931,7,23,14,63,4,20,8,16,10,12,0,16,26,1,5,25,4,8,0,1,Comptroller
1932,37,1,32,83,0,11,5,13,15,33,0,11,7,2,7,47,18,24,0,3,Comptroller
1933,36,1,27,82,0,3,4,10,13,27,0,9,2,1,7,42,10,23,0,1,Comptroller
1934,38,1,35,81,0,3,4,10,13,29,0,9,2,0,7,45,13,23,0,2,Comptroller
1935,78,10,21,87,0,5,3,5,3,19,0,58,1,0,4,19,7,2,0,1,Comptroller
1936,1,0,0,4,0,5,1,3,2,0,0,0,0,1,0,1,1,1,0,1,Comptroller
1937,52,4,7,42,1,3,1,10,6,7,0,2,0,1,2,29,2,3,0,2,Comptroller
1938,96,12,44,113,0,29,3,10,6,23,0,85,6,7,13,34,13,3,0,3,Comptroller
1939,108,47,52,175,1,25,5,17,9,33,0,101,22,4,18,51,8,4,0,6,Comptroller
1940,214,53,90,308,4,144,84,40,24,115,189,131,35,18,52,107,116,105,218,91,Comptroller
1941,20,56,73,188,1,27,4,44,6,34,3,47,40,5,13,67,28,66,3,12,Comptroller
1942,42,5,25,92,0,23,14,14,17,37,0,10,7,2,9,56,11,38,0,3,Comptroller
1943,105,19,39,255,3,32,10,39,28,49,0,17,8,16,16,103,10,182,0,4,Comptroller
1944,95,9,39,110,0,18,3,19,13,29,0,73,7,9,10,34,8,5,0,3,Comptroller
1945,68,35,81,170,0,65,48,34,20,51,0,31,5,8,13,34,16,105,0,46,Comptroller
1946,47,0,14,46,0,6,3,5,2,18,0,30,0,0,1,12,1,2,0,2,Comptroller
1947,125,40,58,926,2,47,20,131,24,274,1,20,8,31,112,240,26,885,1,57,Comptroller
1948,29,21,4,11,0,118,0,25,4,35,0,41,6,37,26,18,23,9,0,6,Comptroller
1949,46,8,22,60,0,9,3,10,7,15,0,6,2,1,7,30,8,53,0,6,Comptroller
1950,38,1,29,81,0,11,5,12,14,29,0,11,4,1,8,44,18,24,0,2,Comptroller
1951,2,0,12,29,0,3,3,3,5,9,0,2,0,3,0,12,4,6,0,9,Comptroller
1952,56,4,117,307,2,2,7,30,15,81,0,12,3,8,22,113,10,99,0,7,Comptroller
1953,27,2,22,63,0,4,3,12,11,25,0,7,6,0,8,43,11,25,0,6,Comptroller
1954,106,0,45,219,0,5,3,24,16,45,0,0,3,1,4,18,1,114,0,1,Comptroller
1955,38,6,37,193,1,88,112,17,67,48,1,45,5,15,28,37,21,115,0,70,Comptroller
1956,25,1,31,61,0,0,4,2,8,22,0,6,1,1,5,49,11,31,0,0,Comptroller
1957,9,8,43,74,0,7,1,27,29,35,0,2,2,7,6,24,7,121,0,1,Comptroller
1958,11,13,25,78,0,8,1,27,11,37,2,24,17,5,12,47,15,45,1,11,Comptroller
1959,276,56,106,350,1,126,317,54,49,123,135,172,50,23,52,111,144,94,139,68,Comptroller
1960,43,7,36,117,0,20,10,21,19,34,0,20,8,0,9,51,20,25,0,4,Comptroller
1961,37,1,44,90,0,13,5,14,17,33,0,11,5,2,8,47,18,24,0,3,Comptroller
1962,111,12,39,132,0,16,3,10,15,23,0,81,4,9,16,38,12,3,0,3,Comptroller
1963,36,0,38,81,0,10,5,12,13,34,0,11,5,2,6,44,14,23,0,3,Comptroller
1964,166,42,62,307,1,27,52,65,22,70,18,10,10,22,32,68,7,366,8,25,Comptroller
1965,80,10,70,83,1,5,1,8,21,16,0,4,0,0,4,39,2,9,0,2,Comptroller
1966,17,48,21,143,4,41,19,35,20,20,0,34,29,1,9,42,7,10,0,3,Comptroller
1967,37,2,33,79,0,13,5,14,15,31,0,12,5,2,7,44,17,24,0,3,Comptroller
1968,7,24,12,64,4,20,7,18,10,10,0,16,27,1,5,26,4,8,0,1,Comptroller
1969,258,21,22,332,0,39,6,30,37,77,1,113,6,27,41,56,98,38,1,25,Comptroller
1970,197,54,73,281,6,48,38,51,31,63,20,26,30,20,31,85,25,181,19,23,Comptroller
1971,3,3,22,11,0,6,2,8,6,9,1,5,6,1,2,0,1,1,1,7,Comptroller
1972,31,0,3,8,0,2,1,6,1,12,0,0,0,0,0,17,1,16,0,1,Comptroller
1973,9,8,39,76,0,6,1,28,29,36,1,2,2,7,6,24,7,120,0,1,Comptroller
1974,53,15,24,71,0,7,1,12,6,8,2,7,1,2,3,33,6,19,1,2,Comptroller
1975,64,3,13,36,0,9,3,10,1,11,0,3,2,5,6,7,8,15,0,9,Comptroller
1976,42,10,11,50,0,24,1,13,8,11,0,0,2,1,5,15,2,28,0,8,Comptroller
1977,9,24,13,65,4,20,7,17,10,11,0,16,24,1,5,25,4,8,0,1,Comptroller
1978,166,8,38,223,2,32,23,22,19,59,0,64,4,10,27,67,57,60,0,8,Comptroller
1979,181,29,67,569,1,28,13,152,22,186,0,21,23,20,55,199,15,542,0,8,Comptroller
1980,22,0,18,63,0,9,1,10,8,20,0,10,5,2,5,25,11,16,0,1,Comptroller
1981,29,3,24,72,1,19,27,17,7,16,0,49,20,1,4,16,3,5,0,11,Comptroller
1982,32,1,30,70,0,12,5,13,13,30,0,10,5,1,7,44,17,23,0,3,Comptroller
1983,99,10,33,106,0,28,3,7,6,24,0,75,4,9,9,33,11,4,0,3,Comptroller
1984,154,1,48,45,0,61,9,59,20,22,0,2,0,4,72,18,15,229,0,40,Comptroller
1985,49,3,25,39,0,7,4,9,5,20,0,34,3,0,1,9,10,3,0,3,Comptroller
1986,16,1,21,19,0,9,2,16,18,33,0,13,0,2,9,16,3,37,0,19,Comptroller
1987,13,19,11,48,1,19,4,13,8,20,0,14,19,0,3,24,6,17,0,2,Comptroller
1988,32,99,55,220,5,45,4,56,20,54,3,59,79,6,17,84,24,66,2,9,Comptroller
1989,95,10,21,86,0,15,2,6,4,20,0,61,0,9,8,32,9,2,0,1,Comptroller
1990,23,1,30,70,0,10,5,10,9,27,0,7,5,4,6,44,13,22,0,3,Comptroller
1991,38,0,23,76,0,7,5,12,14,28,0,10,5,2,6,44,16,23,0,1,Comptroller
1992,290,55,91,368,2,130,383,43,33,129,187,207,35,26,77,105,175,69,212,82,Comptroller
1993,12,3,25,88,1,24,4,15,9,14,0,23,21,5,3,12,4,6,0,5,Comptroller
1994,64,0,12,61,0,3,1,11,3,9,0,0,0,3,6,5,3,22,0,2,Comptroller
1995,3,2,7,2,0,8,3,5,3,11,0,0,1,0,1,6,3,14,0,1,Comptroller
1996,20,0,18,68,0,5,1,13,6,12,0,0,2,5,0,24,1,11,0,1,Comptroller
1997,54,4,35,190,0,7,3,18,9,41,0,10,0,3,4,51,7,56,0,9,Comptroller
1998,17,0,19,78,3,6,1,6,9,9,0,0,1,4,9,8,6,3,0,3,Comptroller
1999,12,0,6,21,0,5,1,4,13,1,0,0,0,2,1,6,1,4,0,5,Comptroller
2000,2,4,4,11,0,6,3,9,35,60,0,41,18,8,12,10,9,20,0,6,Comptroller
2001,37,1,29,87,0,4,4,13,13,26,0,9,6,0,7,44,10,23,0,1,Comptroller
2002,111,24,27,153,1,38,7,29,20,34,0,20,22,2,13,69,5,45,0,2,Comptroller
2003,108,12,36,118,0,17,3,8,7,24,0,77,5,7,17,35,10,2,0,3,Comptroller
2004,28,0,4,31,0,3,3,7,5,8,0,1,1,0,2,6,1,31,0,6,Comptroller
2005,20,49,25,162,1,23,2,46,12,34,3,42,38,2,9,60,11,67,3,13,Comptroller
2006,3,19,22,9,0,6,1,12,3,11,1,8,7,2,0,0,4,2,1,13,Comptroller
2007,175,32,56,260,0,27,45,115,30,72,21,1,7,16,38,105,9,364,22,23,Comptroller
2008,11,15,24,108,0,8,1,30,5,21,0,11,7,2,4,26,6,68,0,7,Comptroller
2009,23,39,48,115,0,17,17,18,153,46,0,13,13,28,38,130,6,310,0,27,Comptroller
2010,15,9,14,43,0,5,1,6,3,10,0,7,1,3,1,13,1,8,0,9,Comptroller
2011,115,8,8,150,2,12,8,20,13,29,0,2,2,7,16,35,9,89,0,14,Comptroller
2012,168,26,100,344,2,48,65,62,32,68,18,39,26,22,19,157,9,316,17,29,Comptroller
2013,166,8,39,224,2,32,23,22,20,58,0,64,3,12,27,69,59,60,0,20,Comptroller
2014,33,0,20,58,0,9,6,13,12,22,0,10,5,0,3,44,16,22,0,2,Comptroller
2015,219,18,49,116,0,68,62,46,56,90,0,89,22,16,51,106,26,287,0,112,Comptroller
2016,10,28,11,69,1,21,2,13,11,20,0,14,19,19,3,40,10,29,0,2,Comptroller
2017,37,0,22,77,0,8,6,12,14,25,0,11,4,2,3,47,17,22,0,1,Comptroller
2018,106,17,60,178,1,28,21,27,6,36,0,63,27,5,11,41,13,10,0,5,Comptroller
2019,304,106,68,295,268,64,47,35,45,91,159,150,26,17,47,61,192,61,154,40,Comptroller
2020,15,9,13,40,0,5,1,6,3,10,0,7,2,3,1,14,1,10,0,9,Comptroller
2021,38,1,33,83,0,11,5,14,14,30,0,11,5,2,6,42,17,23,0,2,Comptroller
2022,41,1,14,89,0,9,0,1,2,18,0,2,1,1,6,6,13,68,0,2,Comptroller
2023,13,1,30,28,0,5,1,5,4,0,0,1,0,0,0,0,4,4,0,4,Comptroller
2024,62,42,35,132,1,24,7,15,4,31,0,55,27,0,14,41,6,5,0,6,Comptroller
2025,240,53,91,313,5,126,84,37,31,122,200,128,36,21,47,87,105,139,233,91,Comptroller
2026,300,36,40,190,1,27,5,62,166,84,0,52,38,11,55,78,24,252,0,29,Comptroller
2027,342,130,92,460,0,34,12,40,46,115,1,158,14,15,64,100,145,70,0,21,Comptroller
2028,39,0,23,76,0,9,6,11,14,25,0,11,5,2,3,46,18,22,0,4,Comptroller
2029,10,81,27,82,1,21,2,15,11,15,0,16,27,11,6,42,10,32,0,2,Comptroller
2030,34,1,34,81,0,10,5,11,14,29,0,8,4,4,6,46,17,22,0,2,Comptroller
2031,35,1,26,81,0,9,5,13,14,28,0,10,4,2,6,45,17,23,0,2,Comptroller
2032,153,24,83,129,1,19,6,22,92,52,0,68,9,17,40,61,26,150,0,40,Comptroller
2033,45,5,27,105,0,42,24,11,17,45,0,10,4,4,10,67,12,51,0,3,Comptroller
2034,138,2,83,181,0,5,12,37,13,55,0,7,5,7,13,44,1,134,0,25,Comptroller
2035,34,1,29,80,0,8,5,12,13,28,0,10,5,2,6,45,14,23,0,2,Comptroller
2036,61,26,17,99,0,8,1,34,5,61,0,51,13,4,12,40,5,59,0,5,Comptroller
2037,98,47,50,267,1,42,9,45,19,47,0,19,26,6,23,90,6,180,0,12,Comptroller
2038,21,1,7,19,0,5,1,3,9,4,0,8,0,0,3,0,19,0,0,2,Comptroller
2039,39,1,28,77,0,3,4,8,13,27,0,10,4,0,6,43,17,23,0,3,Comptroller
2040,66,5,27,85,0,6,1,14,24,12,0,8,3,2,7,34,9,70,0,9,Comptroller
2041,10,14,53,77,0,8,1,31,31,40,1,3,4,8,7,26,9,117,1,3,Comptroller
2042,51,41,39,227,2,27,15,49,23,40,1,43,36,5,14,71,9,90,1,8,Comptroller
2043,125,3,27,189,0,24,35,69,15,50,20,1,7,10,18,58,3,285,14,22,Comptroller
2044,9,7,38,75,0,6,1,28,28,33,1,2,2,9,6,23,7,121,0,1,Comptroller
2045,125,70,107,225,2,80,53,36,14,70,171,124,32,13,24,73,33,45,175,34,Comptroller
2046,39,0,20,70,0,6,6,9,14,24,0,11,5,2,2,46,18,22,0,2,Comptroller
2047,14,41,42,79,0,11,1,25,4,20,0,17,22,2,7,33,38,64,0,11,Comptroller
2048,69,3,11,27,0,5,3,9,1,8,0,2,4,4,6,6,7,2,0,4,Comptroller
2049,7,23,11,62,4,20,7,16,10,10,0,16,25,1,5,23,4,8,0,1,Comptroller
2050,23,2,9,21,0,8,1,11,14,6,0,3,0,4,1,14,1,16,0,14,Comptroller
2051,39,0,54,69,0,5,1,9,10,15,0,0,0,1,6,22,13,26,0,1,Comptroller
2052,141,5,23,135,0,18,216,13,61,45,2,64,16,12,3,12,11,2,0,29,Comptroller
2053,37,1,34,86,0,9,5,14,14,32,0,11,5,2,7,44,19,24,0,2,Comptroller
2054,230,27,40,270,0,50,403,26,63,73,1,183,24,33,37,97,140,4,1,49,Comptroller
2055,285,42,79,302,267,72,52,43,34,94,81,144,39,17,50,78,145,45,91,43,Comptroller
2056,36,0,23,75,0,8,5,13,14,28,0,10,4,2,6,42,15,23,0,1,Comptroller
2057,111,45,50,178,1,25,5,18,9,33,0,100,27,4,18,51,8,4,0,6,Comptroller
2058,39,1,24,78,0,2,4,11,14,26,0,11,4,0,7,43,13,24,0,1,Comptroller
2059,201,18,49,576,1,22,12,88,16,117,0,3,6,15,68,94,22,557,0,19,Comptroller
2060,115,28,38,161,1,25,4,19,13,33,0,95,19,7,15,52,14,4,0,3,Comptroller
2061,0,0,0,0,0,0,0,0,0,0,0,0,0,0,0,0,0,0,0,0,Comptroller
2062,38,1,28,81,0,10,5,12,13,31,0,11,6,0,9,45,14,24,0,2,Comptroller
2063,9,12,47,117,0,5,1,27,43,44,2,4,2,8,9,31,12,123,0,1,Comptroller
2064,1,0,0,2,0,3,1,4,1,0,0,0,0,0,0,1,5,1,0,4,Comptroller
2065,10,19,14,80,12,18,14,12,14,16,0,15,18,10,7,35,20,31,0,2,Comptroller
2066,21,0,19,60,0,8,1,9,10,20,0,8,4,2,5,26,13,16,0,1,Comptroller
2067,38,1,25,82,0,4,4,11,13,25,0,10,2,0,7,44,13,24,0,1,Comptroller
2068,336,133,70,480,0,34,14,39,44,121,1,157,16,17,66,100,145,72,1,19,Comptroller
2069,108,12,37,126,0,15,3,8,15,23,0,79,4,9,16,38,12,2,0,3,Comptroller
2070,37,1,35,82,0,12,5,10,13,27,0,11,6,2,6,46,16,24,0,4,Comptroller
2071,51,8,18,136,1,24,129,11,13,21,0,30,5,2,21,16,7,180,0,88,Comptroller
2072,53,2,6,43,0,4,1,8,2,7,0,2,0,0,2,24,3,3,0,1,Comptroller
2073,353,28,61,502,1,40,13,47,51,142,1,169,11,25,50,87,131,81,0,17,Comptroller
2074,92,6,29,193,2,14,4,26,21,42,0,1,2,17,10,89,11,182,0,4,Comptroller
2075,8,17,23,102,0,9,1,26,9,26,0,9,9,3,5,23,8,53,0,6,Comptroller
2076,107,23,47,148,1,11,10,28,19,44,15,6,9,8,22,68,3,194,13,17,Comptroller
2077,38,1,27,81,0,10,5,12,15,31,0,11,5,0,8,44,17,24,0,3,Comptroller
2078,93,10,18,89,0,27,6,22,14,19,0,6,6,2,10,49,2,40,0,1,Comptroller
2079,38,1,29,83,0,10,5,12,14,29,0,11,2,0,6,45,18,24,0,4,Comptroller
2080,8,18,3,45,5,15,1,11,7,11,0,14,19,0,3,22,6,3,0,1,Comptroller
2081,40,23,29,187,1,19,6,42,16,33,0,28,15,4,11,48,7,89,0,6,Comptroller
2082,24,22,31,72,1,15,2,14,12,18,0,14,18,4,6,18,16,8,0,3,Comptroller
2083,102,9,40,101,0,17,4,11,6,22,0,74,9,8,13,29,20,5,0,3,Comptroller
2084,38,1,32,85,0,10,5,12,14,32,0,11,7,2,7,47,17,24,0,2,Comptroller
2085,20,0,7,20,0,11,1,11,18,5,0,8,16,0,2,1,13,1,0,8,Comptroller
2086,224,25,82,272,10,24,21,34,17,60,0,43,9,13,29,65,38,268,0,39,Comptroller
2087,94,28,20,131,1,18,4,15,8,27,0,65,18,1,8,38,10,5,0,2,Comptroller
2088,62,22,53,164,1,16,9,19,17,42,0,40,17,0,12,97,17,70,0,14,Comptroller
2089,316,44,106,451,3,103,454,68,45,126,29,232,36,21,55,115,135,35,31,30,Comptroller
2090,99,25,27,145,1,27,4,16,11,33,0,82,19,7,13,49,11,5,0,2,Comptroller
2091,5,0,3,33,0,3,1,3,1,2,0,0,0,3,0,10,1,4,0,1,Comptroller
2092,29,2,25,63,0,5,3,13,10,26,0,8,5,0,8,42,10,25,0,7,Comptroller
2093,178,37,63,384,3,28,57,58,21,75,14,21,12,20,36,151,12,327,12,31,Comptroller
2094,4,2,7,1,0,8,3,5,3,11,0,0,0,0,1,6,3,13,0,1,Comptroller
2095,92,29,19,131,1,18,4,15,8,28,0,66,19,1,9,39,10,5,0,2,Comptroller
2096,37,1,38,83,0,10,5,12,14,33,0,11,5,2,7,47,18,24,0,2,Comptroller
2097,108,28,19,160,1,37,7,30,16,30,0,22,22,2,12,68,5,44,0,2,Comptroller
2098,33,0,23,48,0,0,0,4,5,2,0,1,0,1,0,12,1,21,0,3,Comptroller
2099,27,19,11,62,1,12,2,20,20,21,0,12,16,1,4,30,4,29,0,17,Comptroller
2100,79,9,19,81,0,5,3,7,3,18,0,60,2,0,4,22,8,2,0,1,Comptroller
2101,87,46,37,156,1,24,6,16,5,31,0,76,25,0,13,38,10,5,0,5,Comptroller
2102,39,1,31,81,0,9,5,12,15,29,0,10,4,0,7,44,17,24,0,3,Comptroller
2103,8,18,22,68,0,8,1,31,10,15,0,5,11,2,3,28,7,3,0,7,Comptroller
2104,2,0,6,2,0,7,2,5,3,9,0,0,0,0,1,4,1,11,0,1,Comptroller
2105,19,57,37,152,2,21,3,37,14,55,3,47,49,2,11,65,21,97,2,7,Comptroller
2106,224,15,66,193,254,21,10,24,26,51,0,97,3,10,31,45,140,11,0,7,Comptroller
2107,2,0,23,17,0,3,1,5,4,5,0,1,5,2,0,5,1,23,0,1,Comptroller
2108,104,9,43,124,0,15,3,9,15,22,0,84,4,9,15,34,11,2,0,3,Comptroller
2109,505,54,74,731,4,62,68,64,26,214,9,68,21,41,111,194,202,745,8,47,Comptroller
2110,36,1,33,83,0,8,5,12,14,28,0,10,4,2,6,45,18,23,0,2,Comptroller
2111,107,11,34,114,0,16,3,12,7,23,0,77,4,7,13,33,11,3,0,3,Comptroller
2112,115,6,72,172,0,8,9,15,32,31,0,19,0,9,7,66,17,97,0,12,Comptroller
2113,88,47,22,159,1,19,7,19,4,29,0,75,24,2,13,36,11,5,0,4,Comptroller
2114,232,15,36,213,0,37,32,28,26,55,0,103,8,18,38,46,112,8,0,13,Comptroller
2115,435,81,171,808,3,65,110,125,50,181,34,34,46,35,90,307,23,710,35,63,Comptroller
2116,38,1,28,82,0,4,4,13,16,24,0,9,4,0,7,44,11,24,0,0,Comptroller
2117,38,1,25,79,0,8,5,12,13,31,0,11,5,2,6,47,18,24,0,2,Comptroller
2118,285,31,58,141,0,33,1,52,231,123,0,57,17,18,54,44,95,281,0,19,Comptroller
2119,113,29,38,162,1,25,4,18,13,32,0,94,21,7,15,52,14,4,0,3,Comptroller
2120,39,1,23,80,0,4,4,11,13,24,0,10,2,0,7,45,13,24,0,1,Comptroller
2121,116,28,35,160,1,25,3,18,12,30,0,93,20,8,14,52,14,4,0,3,Comptroller
2122,38,1,31,82,0,10,5,13,15,29,0,10,4,2,6,45,16,24,0,7,Comptroller
2123,304,47,61,397,1,44,10,44,26,67,4,185,51,15,46,61,126,8,4,26,Comptroller
2124,94,11,25,100,0,14,3,7,6,18,0,68,3,8,10,31,9,1,0,1,Comptroller
2125,153,9,22,195,2,33,19,21,25,49,0,58,6,12,23,35,32,57,0,11,Comptroller
2126,41,3,26,89,0,24,15,11,15,37,0,9,5,2,8,57,11,37,0,2,Comptroller
2127,165,12,34,139,1,12,176,19,23,34,2,60,2,8,13,24,27,9,0,2,Comptroller
2128,2,0,10,40,0,7,1,7,4,5,0,0,1,0,1,13,7,14,0,2,Comptroller
2129,59,37,146,142,1,20,5,25,10,22,0,27,28,3,10,45,8,56,0,9,Comptroller
2130,39,0,28,75,0,9,6,13,13,26,0,11,6,2,3,45,17,22,0,2,Comptroller
2131,40,1,29,77,0,9,5,13,15,28,0,10,4,0,6,45,18,24,0,3,Comptroller
2132,8,28,23,94,7,27,13,18,9,19,1,17,24,1,7,40,5,49,1,2,Comptroller
2133,184,44,57,293,2,20,58,64,19,70,12,8,8,20,30,78,8,364,10,29,Comptroller
2134,39,1,32,83,0,8,5,14,15,29,0,11,6,2,6,47,18,24,0,3,Comptroller
2135,79,10,24,84,0,5,3,7,4,18,0,60,2,0,7,20,8,2,0,1,Comptroller
2136,34,1,27,78,0,9,5,10,14,27,0,10,5,4,6,45,18,23,0,2,Comptroller
2137,294,82,79,525,275,52,20,78,46,109,4,156,58,18,60,116,134,199,6,22,Comptroller
2138,162,8,37,224,2,32,22,23,20,58,0,63,3,10,26,64,57,58,0,9,Comptroller
2139,109,12,45,135,0,16,3,10,15,23,0,83,4,9,16,38,11,3,0,3,Comptroller
2140,8,53,15,99,0,15,1,27,11,21,0,15,11,1,2,19,23,50,0,5,Comptroller
2141,3,1,0,6,0,4,1,28,4,25,0,17,0,0,9,12,2,0,0,44,Comptroller
2142,166,8,38,223,2,27,22,20,17,59,0,63,3,10,27,69,56,60,0,8,Comptroller
2143,1,0,3,1,0,5,1,4,2,0,0,0,0,0,0,0,1,0,0,1,Comptroller
2144,109,4,26,147,0,24,35,72,13,49,20,1,6,11,23,71,1,240,18,21,Comptroller
2145,131,0,36,168,0,5,5,33,7,52,0,5,2,5,8,60,2,129,0,20,Comptroller
2146,50,0,10,26,0,3,1,10,2,12,0,5,0,0,9,8,4,25,0,6,Comptroller
2147,94,10,22,86,0,15,3,7,4,23,0,63,3,9,8,30,9,2,0,1,Comptroller
2148,38,1,33,84,0,9,5,14,14,32,0,11,6,2,7,47,18,24,0,3,Comptroller
2149,10,34,25,74,0,6,1,17,4,16,3,10,13,3,3,37,23,44,2,7,Comptroller
2150,91,11,33,100,0,14,3,16,6,20,0,68,2,8,10,34,11,1,0,1,Comptroller
2151,236,31,54,330,3,65,313,35,43,66,0,103,26,29,73,74,124,122,0,32,Comptroller
2152,93,13,31,101,0,15,3,10,6,21,0,65,3,7,11,35,9,1,0,1,Comptroller
2153,39,0,23,77,0,8,5,7,15,29,0,10,6,2,6,44,19,23,0,2,Comptroller
2154,143,11,60,182,0,53,12,16,18,58,0,94,3,14,35,102,32,38,0,12,Comptroller
2155,219,51,96,310,3,128,85,35,25,109,184,128,34,18,46,86,105,108,224,89,Comptroller
2156,19,11,0,7,0,116,4,23,8,33,0,56,7,7,18,16,47,5,0,9,Comptroller
2157,15,2,28,128,0,16,3,25,29,8,0,3,14,2,8,20,9,34,0,5,Comptroller
2158,66,19,40,189,2,16,14,20,35,40,0,17,27,5,16,74,13,86,0,3,Comptroller
2159,79,10,20,79,0,4,3,6,3,18,0,52,1,0,6,21,7,1,0,1,Comptroller
2160,65,19,32,96,65,26,7,22,30,30,0,48,20,5,9,29,41,6,0,2,Comptroller
2161,38,1,23,81,0,4,4,9,13,24,0,10,4,0,7,44,13,24,0,1,Comptroller
2162,74,8,36,92,0,7,3,15,2,11,0,35,3,0,8,19,10,6,0,1,Comptroller
2163,40,0,28,78,0,4,4,10,13,27,0,10,6,0,6,43,17,23,0,3,Comptroller
2164,2,2,6,1,0,8,3,5,3,11,0,0,1,0,1,6,3,12,0,1,Comptroller
2165,38,0,30,76,0,5,4,9,13,27,0,10,6,0,6,42,18,23,0,2,Comptroller
2166,148,32,59,265,4,19,13,38,19,59,0,18,21,7,18,66,33,176,0,13,Comptroller
2167,144,2,54,172,0,7,15,32,9,55,0,4,4,7,12,57,1,127,0,25,Comptroller
2168,38,1,31,79,0,11,5,12,15,30,0,11,7,2,7,44,16,23,0,4,Comptroller
2169,170,5,86,222,0,2,1,29,13,35,0,4,1,2,17,23,8,139,0,2,Comptroller
2170,38,1,27,79,0,10,5,14,13,32,0,10,5,2,7,34,17,24,0,3,Comptroller
2171,108,5,42,203,0,25,33,78,16,51,20,1,5,8,27,71,1,255,20,21,Comptroller
2172,2,0,33,34,0,5,1,5,5,5,0,1,8,2,0,10,5,23,0,1,Comptroller
2173,163,8,39,222,2,27,21,18,18,61,0,64,3,8,27,66,56,57,0,9,Comptroller
2174,36,2,24,80,0,5,3,9,13,28,0,9,1,0,9,44,11,25,0,15,Comptroller
2175,80,10,20,87,0,5,3,7,3,19,0,58,1,0,6,20,8,2,0,1,Comptroller
2176,306,55,69,443,2,38,14,58,55,97,5,172,36,12,57,80,145,70,6,11,Comptroller
2177,108,28,29,157,1,38,7,29,21,33,0,26,24,2,13,70,5,43,0,2,Comptroller
2178,57,0,22,63,0,9,1,9,7,18,0,6,0,3,8,6,17,17,0,9,Comptroller
2179,80,14,36,91,1,14,6,18,10,31,0,11,9,1,14,32,5,92,0,1,Comptroller
2180,113,11,73,160,0,24,7,16,15,47,0,80,5,9,17,85,26,24,0,2,Comptroller
2181,3,0,2,1,0,3,1,3,5,0,0,0,0,0,0,0,1,2,0,1,Comptroller
2182,84,0,19,46,1,7,6,8,11,17,0,6,1,6,5,39,30,78,0,4,Comptroller
2183,250,38,16,297,2,10,8,80,19,122,0,4,0,26,56,122,35,491,0,21,Comptroller
2184,240,42,41,275,0,35,539,57,22,78,16,10,8,19,36,102,30,380,18,32,Comptroller
2185,128,29,34,240,58,47,27,31,11,60,0,53,24,13,21,39,22,160,0,27,Comptroller
2186,43,9,28,112,0,17,10,18,19,33,0,19,6,2,7,53,19,25,0,4,Comptroller
2187,12,0,23,42,0,2,1,3,5,2,0,1,1,3,2,5,0,3,0,2,Comptroller
2188,35,1,30,81,0,10,5,12,14,28,0,10,5,2,6,45,18,23,0,2,Comptroller
2189,25,12,16,43,0,3,3,5,3,5,1,0,0,1,0,1,5,30,1,2,Comptroller
2190,43,15,36,115,1,19,10,19,20,33,0,20,7,0,9,51,20,25,0,4,Comptroller
2191,34,0,22,74,0,9,5,10,13,28,0,10,3,1,5,45,16,23,0,1,Comptroller
2192,7,0,2,17,0,3,1,5,2,1,0,0,0,1,0,0,1,2,0,1,Comptroller
2193,110,28,38,161,1,25,4,17,13,32,0,95,21,7,15,51,14,4,0,3,Comptroller
2194,99,29,27,148,1,26,4,17,11,34,0,81,20,7,13,52,11,4,0,2,Comptroller
2195,250,55,79,357,1,29,52,93,20,84,30,46,11,29,38,291,11,86,26,29,Comptroller
2196,205,16,34,370,0,33,15,21,17,88,1,24,1,21,29,133,21,355,1,60,Comptroller
2197,90,47,22,157,1,19,7,19,4,29,0,76,25,3,12,35,11,5,0,4,Comptroller
2198,94,11,42,113,0,26,3,9,7,20,0,85,9,8,13,33,13,1,0,3,Comptroller
2199,36,1,22,81,0,3,4,9,13,24,0,10,2,0,7,45,13,24,0,1,Comptroller
2200,99,28,29,148,1,26,4,16,11,31,0,82,19,7,13,51,11,4,0,2,Comptroller
2201,322,125,77,432,3,50,16,35,54,131,2,134,9,23,61,100,147,95,2,34,Comptroller
2202,40,0,20,68,0,8,6,11,15,25,0,11,1,3,3,47,18,22,0,1,Comptroller
2203,150,35,62,259,1,28,48,73,21,57,8,16,40,21,31,95,3,321,1,22,Comptroller
2204,12,8,13,37,0,5,1,6,4,9,0,6,2,3,1,12,1,13,0,7,Comptroller
2205,7,18,4,50,1,15,2,11,6,10,0,10,18,0,3,19,3,3,0,1,Comptroller
2206,245,24,64,307,6,22,16,28,25,69,0,44,6,22,35,70,18,301,0,33,Comptroller
2207,294,36,58,446,1,45,280,41,24,109,0,130,18,30,61,73,132,32,0,18,Comptroller
2208,107,29,45,168,1,22,33,34,14,35,17,8,12,16,16,83,4,157,16,16,Comptroller
2209,39,0,20,74,0,9,6,11,14,27,0,11,5,2,3,45,17,22,0,2,Comptroller
2210,241,54,84,651,4,51,31,69,47,78,0,31,46,22,20,169,28,265,0,7,Comptroller
2211,34,0,21,48,0,5,1,6,5,3,0,0,0,2,1,12,2,21,0,5,Comptroller
2212,32,0,19,64,0,6,6,12,11,21,0,10,5,1,2,45,17,22,0,2,Comptroller
2213,3,1,2,2,0,3,1,6,1,0,0,0,0,1,1,0,1,1,0,1,Comptroller
2214,94,10,28,86,0,16,3,17,4,23,0,63,1,9,8,31,9,2,0,1,Comptroller
2215,80,8,17,77,0,4,2,6,3,18,0,63,1,0,6,21,5,2,0,2,Comptroller
2216,127,63,42,255,3,51,6,36,23,52,0,123,55,7,21,90,20,12,0,5,Comptroller
2217,127,46,30,226,1,22,21,32,12,42,16,35,28,5,20,50,15,76,11,19,Comptroller
2218,206,50,85,306,4,126,84,33,24,106,196,129,34,19,47,86,102,103,227,85,Comptroller
2219,340,131,59,466,1,32,12,41,46,109,0,162,11,15,60,102,142,71,0,20,Comptroller
2220,149,2,68,268,20,10,20,39,13,64,0,9,5,11,21,69,3,182,0,40,Comptroller
2221,171,9,45,216,0,33,8,29,19,52,1,64,6,13,23,67,53,39,1,26,Comptroller
2222,12,1,4,16,0,4,1,3,9,4,0,5,0,0,4,0,19,0,0,1,Comptroller
2223,210,51,87,293,3,125,82,34,25,104,186,129,37,19,46,88,105,96,214,86,Comptroller
2224,2,4,4,15,0,6,2,10,35,61,0,41,20,8,12,11,8,21,0,6,Comptroller
2225,52,9,33,176,1,26,130,8,17,30,0,31,2,3,21,28,9,188,0,89,Comptroller
2226,52,5,19,66,0,9,1,7,3,6,0,38,3,5,7,14,6,1,0,1,Comptroller
2227,1,2,24,4,0,3,1,5,7,3,0,7,1,2,1,0,1,1,0,10,Comptroller
2228,5,13,14,68,3,23,12,16,10,9,0,12,14,1,11,20,7,6,0,2,Comptroller
2229,2,0,34,32,0,5,1,5,6,5,0,1,3,2,0,10,5,23,0,1,Comptroller
2230,325,60,183,763,1,52,81,162,50,135,40,21,21,27,68,283,19,650,38,47,Comptroller
2231,304,17,31,330,0,38,12,38,30,71,3,118,10,15,40,59,114,41,2,11,Comptroller
2232,383,130,65,519,0,30,15,51,46,127,0,170,16,18,67,80,139,142,0,29,Comptroller
2233,99,27,27,145,1,26,4,16,11,29,0,82,20,7,13,51,10,3,0,2,Comptroller
2234,7,2,58,108,0,4,1,13,60,23,0,13,24,5,4,23,27,55,0,4,Comptroller
2235,155,2,58,191,1,0,12,52,8,58,0,6,4,4,13,61,3,128,0,25,Comptroller
2236,170,55,64,251,4,54,220,35,27,70,0,73,35,10,29,50,115,141,0,42,Comptroller
2237,114,27,38,162,1,25,4,18,13,33,0,95,21,7,15,53,14,4,0,3,Comptroller
2238,37,0,21,78,0,9,6,11,14,25,0,11,5,2,3,47,17,22,0,1,Comptroller
2239,7,2,59,109,0,4,1,13,59,24,0,13,22,5,4,23,26,54,0,3,Comptroller
2240,2,0,3,2,0,4,1,3,2,1,0,1,0,0,0,0,1,0,0,1,Comptroller
2241,115,11,40,192,3,11,7,17,11,39,0,23,3,11,16,47,10,152,0,15,Comptroller
2242,338,127,79,459,0,27,12,36,44,114,0,153,15,17,63,93,136,72,0,20,Comptroller
2243,36,1,33,83,0,11,5,10,15,29,0,11,5,2,8,47,19,24,0,2,Comptroller
2244,231,41,155,492,4,77,81,225,60,126,19,31,39,35,75,321,15,679,14,87,Comptroller
2245,4,2,6,2,0,7,3,6,3,11,0,0,0,0,1,6,3,14,0,1,Comptroller
2246,0,1,5,6,0,12,1,4,2,0,0,0,1,1,0,0,2,0,0,0,Construction
2247,0,0,1,3,0,5,1,2,3,0,0,0,0,0,0,0,1,0,0,0,Construction
2248,0,1,4,3,0,13,5,2,2,0,0,0,2,1,0,0,1,0,0,0,Construction
2249,0,3,4,14,1,20,12,3,2,3,0,5,2,3,2,3,2,0,0,0,Construction
2250,0,0,3,3,0,8,2,2,3,0,0,0,0,0,1,0,1,0,0,0,Construction
2251,0,0,2,3,0,7,2,3,3,0,0,0,0,0,0,0,1,0,0,0,Construction
2252,36,97,192,283,0,216,169,86,48,123,154,115,132,16,81,42,38,177,148,210,Construction
2253,0,2,3,11,1,17,14,3,2,4,1,4,1,3,3,0,2,0,0,0,Construction
2254,0,1,4,3,0,14,4,2,2,0,0,0,3,1,0,0,2,0,0,0,Construction
2255,0,3,5,12,1,21,14,4,1,4,1,3,3,2,3,0,3,0,0,0,Construction
2256,0,2,7,15,1,21,13,4,2,5,1,4,4,3,3,0,2,0,0,0,Construction
2257,0,3,3,14,1,19,11,3,2,4,1,4,2,2,3,0,3,0,0,0,Construction
2258,0,3,5,13,1,21,16,3,2,4,1,3,2,3,2,0,2,0,0,0,Construction
2259,2,3,5,11,1,20,12,4,3,3,0,3,2,3,1,0,3,0,0,0,Construction
2260,10,39,73,129,1,151,92,39,44,57,13,51,29,10,18,45,17,84,7,72,Construction
2261,0,3,5,19,1,25,19,4,2,7,1,4,7,4,4,0,3,0,0,0,Construction
2262,0,3,3,12,1,20,15,2,2,4,0,5,3,3,2,0,2,0,0,0,Construction
2263,2,1,3,11,0,16,12,3,1,3,0,3,3,3,0,0,2,0,0,0,Construction
2264,2,1,10,18,0,22,10,11,4,12,0,1,5,1,6,0,1,1,0,2,Construction
2265,2,2,8,16,1,20,16,3,2,4,1,4,3,4,2,0,3,0,0,0,Construction
2266,3,4,8,19,2,32,16,15,6,6,3,4,3,4,3,0,3,0,0,1,Construction
2267,0,2,4,13,1,22,15,3,2,4,1,4,2,3,2,0,2,0,0,0,Construction
2268,0,3,4,13,1,19,15,4,2,4,0,3,0,3,2,0,3,0,0,0,Construction
2269,95,192,226,549,1,266,223,138,64,132,232,158,169,48,93,89,50,213,189,271,Construction
2270,1,3,5,13,1,17,16,5,2,2,1,4,2,3,1,0,2,0,0,0,Construction
2271,0,0,2,3,0,6,2,3,2,0,0,0,0,0,0,0,1,0,0,0,Construction
2272,0,0,3,2,0,6,3,3,3,0,0,0,0,0,1,0,1,0,0,0,Construction
2273,2,2,3,16,1,22,15,3,2,4,1,5,1,4,2,0,2,0,0,0,Construction
2274,0,3,5,12,1,19,16,3,2,3,0,4,2,3,3,0,2,0,0,0,Construction
2275,0,1,7,14,1,21,15,3,3,4,0,5,2,3,1,0,2,0,0,0,Construction
2276,0,3,5,15,1,23,16,3,2,4,0,5,4,3,2,0,2,0,0,0,Construction
2277,0,2,6,12,1,18,7,4,1,2,1,3,2,2,3,0,3,0,0,0,Construction
2278,2,2,5,15,1,21,11,3,2,4,1,3,2,4,3,0,2,0,0,0,Construction
2279,0,3,2,12,1,18,17,3,2,3,0,4,1,3,3,0,2,0,0,0,Construction
2280,18,54,78,155,0,168,115,38,33,56,90,65,77,14,51,31,24,136,81,153,Construction
2281,2,3,6,16,1,22,15,3,2,4,1,4,3,4,2,1,2,0,0,0,Construction
2282,0,1,2,5,0,11,2,3,2,0,0,0,0,0,0,0,2,0,0,1,Construction
2283,0,2,4,8,0,14,8,3,3,0,0,2,1,1,2,0,1,0,0,0,Construction
2284,0,0,2,2,0,8,2,2,3,1,0,0,0,0,1,0,1,0,0,0,Construction
2285,0,2,6,14,1,23,27,3,1,4,0,3,4,2,2,0,3,0,0,1,Construction
2286,0,2,4,12,1,19,13,2,3,2,1,4,3,3,1,0,2,0,0,0,Construction
2287,0,0,2,3,0,7,1,4,2,0,0,0,0,0,1,0,1,0,0,0,Construction
2288,0,1,3,3,0,11,2,1,3,0,0,0,0,1,0,0,1,0,0,0,Construction
2289,0,1,4,4,0,14,2,3,1,0,0,0,1,1,0,0,2,0,0,0,Construction
2290,2,3,6,14,1,22,17,3,2,4,0,5,2,4,2,0,3,0,0,0,Construction
2291,2,3,5,17,1,20,16,3,2,3,0,3,3,4,3,0,2,0,0,0,Construction
2292,25,136,109,208,0,245,252,50,62,110,2,117,197,13,80,42,75,194,2,265,Construction
2293,0,3,4,12,1,21,17,3,2,4,1,5,3,3,2,0,2,0,0,0,Construction
2294,0,0,3,8,0,11,2,5,3,0,0,0,0,0,0,2,1,0,0,0,Construction
2295,0,2,3,15,0,20,13,3,2,4,1,4,1,3,3,0,2,0,0,0,Construction
2296,0,1,2,4,0,8,2,3,1,0,0,0,2,0,0,0,2,0,0,0,Construction
2297,0,0,1,3,0,7,2,3,3,0,0,0,0,0,1,0,1,0,0,0,Construction
2298,0,0,0,1,0,5,1,2,1,0,0,0,0,0,0,0,1,0,0,0,Construction
2299,2,3,8,15,1,24,17,4,3,4,2,3,4,5,2,0,2,0,1,0,Construction
2300,0,3,5,13,1,20,14,3,2,4,1,5,3,2,2,0,2,0,0,0,Construction
2301,0,1,10,9,0,22,4,3,4,0,0,0,0,2,0,0,3,0,0,0,Construction
2302,0,0,1,6,0,12,1,3,4,0,0,0,0,0,0,0,2,0,0,0,Construction
2303,34,77,171,360,0,258,202,107,60,88,97,149,86,48,100,152,47,214,81,403,Construction
2304,0,1,2,4,0,6,2,3,2,0,0,0,0,0,0,0,2,0,0,0,Construction
2305,0,0,4,2,0,10,2,2,2,0,0,0,0,1,0,0,1,0,0,0,Construction
2306,0,3,2,11,0,15,14,3,1,2,0,4,3,1,3,0,2,0,0,0,Construction
2307,0,1,5,8,0,21,3,2,2,0,0,0,0,2,0,0,2,0,0,0,Construction
2308,2,2,7,16,1,19,11,3,3,4,0,3,2,4,3,0,2,0,0,0,Construction
2309,5,0,6,15,1,17,37,5,2,7,0,9,4,3,0,3,1,1,0,3,Construction
2310,0,1,5,6,0,11,4,5,4,0,0,0,0,0,0,0,1,0,0,0,Construction
2311,2,1,5,10,0,16,9,3,2,2,0,3,1,2,1,0,3,0,0,0,Construction
2312,2,2,3,17,1,21,13,5,2,3,1,4,2,4,1,0,3,0,0,0,Construction
2313,2,3,7,13,1,19,16,3,2,4,1,3,0,4,2,0,2,0,0,0,Construction
2314,2,2,4,13,1,20,12,4,2,4,0,4,2,4,2,0,3,0,0,0,Construction
2315,2,4,7,15,1,23,14,3,2,3,1,3,4,4,2,0,4,0,0,0,Construction
2316,2,3,8,15,1,22,12,4,1,3,1,3,2,3,2,0,4,0,0,0,Construction
2317,0,1,3,3,0,7,2,1,2,0,0,0,1,0,0,0,1,0,0,0,Construction
2318,2,2,7,17,1,23,19,2,2,4,1,3,1,4,3,0,3,0,0,0,Construction
2319,0,2,3,6,1,15,11,4,2,0,0,4,1,1,1,0,2,0,0,0,Construction
2320,0,1,0,4,0,4,3,3,1,0,0,0,0,0,0,0,1,0,0,0,Construction
2321,0,3,5,14,1,23,18,2,3,4,1,4,3,3,2,0,2,0,0,0,Construction
2322,0,0,3,3,0,7,2,3,2,0,0,0,1,0,0,0,1,0,0,0,Construction
2323,0,3,5,12,1,25,14,2,1,4,1,3,3,1,2,0,3,0,0,0,Construction
2324,0,0,1,3,0,7,1,3,3,0,0,0,0,0,0,0,1,0,0,0,Construction
2325,0,3,2,14,1,16,14,4,1,3,2,3,3,3,3,0,4,0,0,0,Construction
2326,67,44,108,575,8,336,198,128,53,181,225,213,171,36,42,120,21,201,217,185,Construction
2327,2,3,5,16,0,21,14,5,1,2,0,3,2,2,2,0,2,0,0,0,Construction
2328,2,2,5,15,1,20,12,3,2,4,0,3,2,4,3,0,3,0,0,0,Construction
2329,27,78,106,227,2,209,126,46,49,77,105,56,97,14,53,47,32,189,91,155,Construction
2330,2,2,6,15,1,21,16,4,2,4,1,4,2,4,3,0,2,0,0,0,Construction
2331,0,1,6,8,0,22,3,3,2,0,0,0,0,2,0,0,2,0,0,0,Construction
2332,0,0,0,1,0,0,0,0,0,0,0,0,0,0,0,0,0,0,0,0,Construction
2333,0,2,3,14,0,17,8,4,3,2,0,2,3,1,1,0,2,0,0,0,Construction
2334,0,2,3,13,0,18,15,3,2,4,1,4,3,3,3,0,2,0,0,0,Construction
2335,0,3,4,12,1,14,12,3,2,4,1,3,1,2,2,0,2,0,0,0,Construction
2336,25,63,95,159,4,176,132,39,62,70,8,80,95,18,47,39,26,152,2,163,Construction
2337,1,3,7,20,1,35,15,6,1,4,1,3,6,6,3,0,3,0,0,0,Construction
2338,0,0,2,5,0,11,5,4,2,0,0,0,0,0,0,0,2,0,0,0,Construction
2339,2,3,7,15,1,21,16,3,2,4,1,5,2,4,2,0,2,0,0,0,Construction
2340,0,1,3,11,0,15,7,3,2,2,0,0,1,1,0,0,1,0,0,0,Construction
2341,0,3,3,14,1,18,16,2,2,4,0,5,2,3,2,0,2,0,0,0,Construction
2342,2,3,4,15,1,22,14,3,2,4,1,5,2,4,2,0,3,0,0,0,Construction
2343,0,3,3,12,1,22,13,5,2,5,1,5,2,3,2,0,2,0,0,0,Construction
2344,0,3,6,13,1,24,13,2,1,4,1,3,4,2,3,0,3,0,0,0,Construction
2345,0,1,4,5,0,14,2,2,2,0,0,0,0,1,0,0,2,0,0,0,Construction
2346,2,3,4,13,1,19,15,3,2,4,0,3,1,4,2,0,2,0,0,0,Construction
2347,0,0,3,7,1,20,13,4,3,4,1,4,5,2,0,0,1,0,1,0,Construction
2348,2,3,6,15,1,21,15,3,3,3,0,3,3,4,3,0,2,0,0,0,Construction
2349,0,2,3,12,1,14,12,2,2,4,1,3,0,2,3,0,1,0,0,0,Construction
2350,0,3,6,14,1,23,14,6,3,4,1,4,2,2,4,0,2,0,1,0,Construction
2351,0,1,5,5,0,12,2,3,2,0,2,0,2,1,0,0,1,0,1,0,Construction
2352,0,2,4,12,1,17,14,3,2,3,1,4,1,3,2,0,1,0,0,0,Construction
2353,0,1,4,6,0,11,2,2,3,0,0,0,1,1,0,0,1,0,0,0,Construction
2354,0,1,3,6,0,16,3,5,1,0,0,0,2,1,0,0,1,0,0,0,Construction
2355,0,0,2,4,0,6,2,3,3,0,0,0,0,0,0,0,2,0,0,0,Construction
2356,0,1,4,9,0,15,11,3,1,4,1,1,0,1,2,0,2,0,0,0,Construction
2357,2,3,5,16,1,21,14,5,2,3,0,3,2,4,2,0,3,0,0,0,Construction
2358,15,54,97,218,0,170,131,42,36,65,88,78,82,13,45,35,28,197,73,117,Construction
2359,2,3,8,16,1,20,15,3,1,4,1,4,3,4,2,0,6,0,0,0,Construction
2360,0,1,4,4,0,11,2,2,3,1,0,0,1,1,0,0,1,0,0,0,Construction
2361,0,3,4,12,1,19,15,3,2,4,0,5,2,3,2,0,2,0,0,0,Construction
2362,2,2,4,14,1,22,15,4,2,5,0,4,3,4,2,0,2,0,0,0,Construction
2363,0,1,6,4,0,13,3,2,3,0,0,0,0,1,0,0,2,0,0,0,Construction
2364,0,3,3,10,1,14,14,2,2,3,1,4,2,2,3,0,2,0,0,0,Construction
2365,0,2,1,12,1,10,12,1,2,4,0,5,3,2,2,0,2,0,0,0,Construction
2366,0,1,4,5,0,11,2,2,2,0,0,0,0,1,0,0,1,0,0,0,Construction
2367,21,55,121,277,0,252,207,59,48,88,88,123,98,17,57,38,30,182,80,186,Construction
2368,0,1,1,3,0,7,3,2,1,0,0,0,0,0,0,0,1,0,0,0,Construction
2369,2,3,4,15,0,22,16,4,2,4,0,3,3,4,2,0,2,0,0,0,Construction
2370,0,0,1,7,0,11,3,2,2,0,0,0,1,0,0,0,2,0,0,0,Construction
2371,0,2,3,13,1,20,15,4,2,4,0,5,1,3,2,0,2,0,0,0,Construction
2372,0,0,2,2,0,7,2,3,3,0,0,0,0,0,0,0,1,0,0,0,Construction
2373,0,0,2,3,0,7,1,3,1,0,0,0,1,1,0,0,1,0,0,0,Construction
2374,0,1,3,4,0,11,3,2,2,0,0,0,0,1,0,0,1,0,0,0,Construction
2375,0,3,4,13,1,19,15,3,3,4,0,5,4,3,2,0,2,0,0,0,Construction
2376,0,1,4,6,0,12,2,2,2,0,0,0,0,1,0,0,2,0,0,0,Construction
2377,0,1,7,8,0,22,4,2,1,1,0,0,0,2,0,0,3,0,0,0,Construction
2378,0,2,2,12,1,22,15,2,2,4,0,4,2,3,2,0,2,0,0,0,Construction
2379,0,0,3,7,0,11,1,5,2,0,0,0,1,0,0,0,1,0,0,0,Construction
2380,2,2,8,18,1,22,16,3,2,5,1,4,1,4,2,0,3,0,0,0,Construction
2381,0,0,3,6,0,11,3,2,2,0,0,0,0,0,0,0,1,0,0,0,Construction
2382,0,1,2,3,0,8,2,3,1,0,0,0,0,0,0,0,2,0,0,0,Construction
2383,0,1,10,8,0,21,4,3,3,0,0,0,0,2,0,0,2,0,0,0,Construction
2384,0,2,6,12,0,19,12,3,3,4,0,3,2,3,1,0,2,0,0,0,Construction
2385,2,2,3,11,1,16,6,5,2,4,0,4,2,4,2,0,1,0,0,0,Construction
2386,2,1,4,15,0,21,15,4,2,2,0,5,2,4,2,0,2,0,0,0,Construction
2387,0,2,4,13,0,19,13,3,2,4,1,4,2,2,3,0,2,0,0,0,Construction
2388,0,3,5,7,1,19,30,3,1,3,1,2,2,2,1,0,3,0,0,1,Construction
2389,15,26,16,79,14,28,31,13,13,15,0,21,22,4,8,28,7,6,0,1,Construction
2390,0,4,6,12,1,20,13,5,1,4,1,3,2,2,3,0,3,0,0,0,Construction
2391,0,3,5,13,1,20,18,1,2,4,1,2,3,1,3,0,3,0,0,0,Construction
2392,0,1,7,8,0,20,1,3,4,0,0,0,1,2,0,0,3,0,0,0,Construction
2393,3,3,6,17,2,32,17,15,6,4,2,5,4,4,3,0,3,0,0,0,Construction
2394,0,2,5,12,1,20,14,4,2,4,1,3,2,3,2,0,2,0,0,0,Construction
2395,0,1,5,13,1,20,29,4,1,4,1,2,2,1,2,0,3,0,0,0,Construction
2396,0,1,3,4,0,13,2,4,1,0,0,0,1,1,0,0,2,0,0,0,Construction
2397,0,1,3,6,0,12,3,3,1,3,1,0,3,1,1,0,2,0,0,0,Construction
2398,0,0,2,4,0,7,1,3,3,0,0,0,0,0,0,0,2,0,0,0,Construction
2399,0,1,3,6,0,10,4,2,3,0,0,0,0,1,0,0,2,0,0,0,Construction
2400,0,0,2,3,0,6,1,3,2,0,0,0,1,0,0,0,1,0,0,0,Construction
2401,0,1,3,5,0,8,2,3,2,0,0,0,0,0,0,0,1,0,0,0,Construction
2402,0,3,4,14,1,20,14,2,2,3,0,4,3,3,2,3,2,0,0,0,Construction
2403,0,0,2,4,0,7,2,3,2,0,0,0,0,0,0,0,1,0,0,0,Construction
2404,0,1,4,2,0,13,5,4,2,0,0,1,1,1,0,0,1,0,0,1,Construction
2405,0,1,0,3,0,7,2,3,1,0,0,0,0,0,0,0,2,0,0,0,Construction
2406,0,0,3,3,0,6,2,3,3,0,0,0,0,0,0,0,1,0,0,0,Construction
2407,0,3,2,10,1,13,14,1,2,3,0,4,3,2,3,0,2,0,0,0,Construction
2408,0,1,1,3,0,7,4,3,1,0,0,0,0,0,0,0,1,0,0,1,Construction
2409,38,45,124,187,2,240,212,36,44,76,262,99,50,25,36,31,14,145,237,201,Construction
2410,0,2,7,13,1,18,14,3,3,5,1,4,1,3,2,0,3,0,0,0,Construction
2411,25,24,49,131,0,133,93,33,26,64,92,50,59,14,28,8,11,109,73,137,Construction
2412,2,2,4,15,1,19,15,3,2,4,0,5,1,3,2,0,3,0,0,0,Construction
2413,2,3,4,16,1,20,14,4,2,4,0,5,2,4,2,0,2,0,0,0,Construction
2414,0,2,6,14,1,22,11,3,2,4,1,4,2,3,3,0,2,0,0,0,Construction
2415,2,3,6,15,1,20,16,3,2,3,0,3,3,4,3,0,3,0,0,0,Construction
2416,0,1,4,4,0,12,1,3,2,0,0,0,0,1,0,0,2,0,0,0,Construction
2417,0,3,5,13,1,22,12,4,1,4,1,3,3,2,3,0,3,0,0,0,Construction
2418,0,1,6,7,0,21,3,3,3,1,0,0,0,2,0,0,2,0,0,0,Construction
2419,0,3,6,14,1,25,17,2,1,3,1,4,4,3,3,0,3,0,0,0,Construction
2420,0,2,5,8,1,21,17,3,2,3,1,4,1,3,1,0,2,0,0,0,Construction
2421,2,3,4,14,1,21,13,4,2,4,1,5,2,4,2,2,2,0,0,0,Construction
2422,2,2,5,16,1,22,18,3,2,4,1,4,1,4,2,0,2,0,0,0,Construction
2423,0,3,2,11,0,14,14,3,2,2,0,3,4,1,2,0,5,0,0,1,Construction
2424,0,1,3,9,0,17,24,5,1,5,0,1,2,1,2,0,2,0,0,0,Construction
2425,2,3,8,18,1,22,14,3,1,3,0,3,5,4,2,0,4,0,0,0,Construction
2426,0,2,6,12,1,23,15,3,2,4,1,4,2,3,2,0,2,0,0,0,Construction
2427,0,1,5,13,1,22,16,2,2,4,1,4,2,3,2,0,3,0,0,0,Construction
2428,2,3,5,17,1,21,14,3,2,3,1,3,2,4,2,0,3,0,0,0,Construction
2429,0,0,1,2,0,8,1,3,3,0,0,0,0,0,0,0,2,0,0,0,Construction
2430,2,3,4,16,1,22,16,3,2,4,0,5,3,4,2,0,2,0,0,0,Construction
2431,2,3,7,15,1,21,15,3,2,4,0,5,4,4,2,0,2,0,0,0,Construction
2432,2,3,6,14,1,21,16,3,2,4,0,3,3,4,2,0,2,0,0,0,Construction
2433,0,1,6,9,0,19,3,5,2,0,0,0,0,2,0,0,1,0,0,0,Construction
2434,0,2,5,14,1,21,11,3,2,4,0,3,3,3,3,0,2,0,0,0,Construction
2435,2,3,6,14,1,17,15,3,2,4,1,3,3,4,2,0,2,0,0,0,Construction
2436,0,3,5,15,1,21,17,4,2,3,0,3,4,3,2,0,4,0,0,0,Construction
2437,3,4,8,18,2,35,24,14,6,4,3,3,3,4,4,0,3,0,2,0,Construction
2438,2,3,5,15,1,20,17,3,2,4,0,4,3,4,3,0,2,0,0,0,Construction
2439,0,1,4,6,0,11,3,2,2,0,0,0,0,1,0,0,1,0,0,0,Construction
2440,2,3,5,15,1,21,15,4,2,3,1,3,2,3,2,0,3,0,0,0,Construction
2441,0,1,3,5,0,11,4,2,2,0,0,0,1,1,0,0,1,0,0,0,Construction
2442,0,3,2,9,1,16,9,4,2,1,1,3,1,2,0,0,2,0,0,0,Construction
2443,2,3,3,13,1,22,15,3,2,4,1,4,2,3,2,0,2,0,0,0,Construction
2444,0,1,2,5,0,14,3,4,2,0,0,0,0,1,0,0,2,0,0,0,Construction
2445,0,2,3,16,1,20,16,4,2,4,0,4,2,3,2,0,2,0,0,0,Construction
2446,0,0,1,2,0,6,2,2,2,0,0,0,0,0,0,0,1,0,0,0,Construction
2447,2,2,9,16,2,22,23,3,2,4,3,5,11,4,2,0,2,0,2,0,Construction
2448,0,1,2,4,0,5,2,3,2,0,0,0,0,0,0,0,1,0,0,0,Construction
2449,0,1,6,10,0,11,1,4,3,0,0,0,0,0,0,0,1,0,0,0,Construction
2450,0,0,2,2,0,4,1,2,1,0,0,0,0,0,0,0,1,0,0,0,Construction
2451,0,1,3,5,0,13,2,2,2,0,0,0,0,1,0,0,2,0,0,0,Construction
2452,0,2,4,9,1,17,13,4,2,2,1,3,3,2,1,0,2,0,0,0,Construction
2453,99,158,225,325,0,414,255,82,71,152,281,168,106,32,77,38,56,225,283,256,Construction
2454,0,1,7,8,0,20,2,3,2,1,0,0,0,2,0,0,1,0,0,0,Construction
2455,0,3,5,14,1,22,16,3,1,4,0,4,3,3,3,0,3,0,0,0,Construction
2456,0,3,5,14,1,18,14,3,2,4,0,3,2,2,3,0,2,0,0,0,Construction
2457,2,4,9,29,2,37,30,5,2,8,0,6,5,7,5,0,3,0,0,0,Construction
2458,0,0,3,4,0,13,1,4,1,0,0,0,0,1,0,0,2,0,0,0,Construction
2459,0,3,6,15,1,19,14,4,2,3,1,3,4,3,2,0,3,0,0,0,Construction
2460,0,2,5,13,1,20,13,3,2,4,0,3,2,3,3,0,2,0,0,0,Construction
2461,0,3,7,11,1,18,13,3,3,4,1,4,1,3,3,0,2,0,0,0,Construction
2462,0,2,9,14,1,22,11,4,1,5,1,3,2,2,3,0,3,0,0,0,Construction
2463,29,75,121,195,3,231,149,61,72,77,1,98,124,15,73,39,44,174,1,334,Construction
2464,0,1,3,6,0,11,3,2,2,0,0,0,0,1,0,0,2,0,0,0,Construction
2465,2,3,5,16,1,21,13,3,2,3,1,3,4,4,2,0,3,0,0,0,Construction
2466,0,3,6,13,1,19,12,3,2,4,1,3,2,3,3,0,2,0,0,0,Construction
2467,0,2,3,16,1,19,13,3,2,4,1,4,2,3,2,0,2,0,0,0,Construction
2468,0,1,1,2,0,11,4,5,1,0,0,0,0,0,0,0,2,0,0,0,Construction
2469,0,1,4,4,0,12,3,2,2,0,0,0,0,1,0,0,2,0,0,0,Construction
2470,0,1,4,5,0,13,2,2,2,0,0,0,0,1,0,0,2,0,0,0,Construction
2471,0,1,3,4,0,11,1,2,2,0,0,0,0,1,0,0,1,0,0,0,Construction
2472,0,1,3,4,0,12,1,2,0,0,0,0,0,1,0,0,2,0,0,0,Construction
2473,0,1,0,3,0,6,2,2,2,0,0,0,0,0,0,0,1,0,0,0,Construction
2474,0,3,4,10,1,19,15,4,2,5,0,5,2,3,2,0,2,0,0,0,Construction
2475,2,3,6,18,1,20,16,4,1,4,0,3,2,4,2,0,3,0,0,0,Construction
2476,0,0,1,1,0,7,2,3,3,1,0,0,0,0,1,0,2,0,0,0,Construction
2477,2,2,5,18,1,21,9,3,2,4,0,3,2,3,2,0,2,0,0,0,Construction
2478,2,2,6,14,1,19,13,3,2,4,0,3,3,4,3,0,2,0,1,0,Construction
2479,2,2,8,16,1,21,15,3,2,4,1,4,3,4,2,0,6,0,0,0,Construction
2480,0,0,2,4,0,6,1,3,3,0,0,0,0,0,0,0,1,0,0,0,Construction
2481,191,69,135,219,4,187,128,61,87,117,3,97,99,19,34,35,23,271,0,230,Construction
2482,0,0,2,1,0,8,1,2,3,0,0,0,1,0,0,0,1,0,0,0,Construction
2483,2,2,7,15,1,22,16,3,2,4,1,5,1,4,2,0,2,0,0,0,Construction
2484,0,2,3,12,1,19,13,3,2,2,0,4,2,3,1,0,2,0,0,0,Construction
2485,2,2,8,15,1,21,14,3,2,4,0,5,3,4,1,0,1,0,0,0,Construction
2486,0,3,4,15,1,17,17,3,2,3,0,4,2,3,3,0,2,0,0,0,Construction
2487,0,0,2,3,0,6,2,3,1,1,0,0,0,0,0,0,0,0,0,0,Construction
2488,0,1,5,6,0,13,2,2,2,0,0,0,0,1,0,0,2,0,0,0,Construction
2489,0,2,1,9,1,11,13,1,1,3,0,3,2,2,1,0,2,0,0,0,Construction
2490,0,0,2,2,0,8,1,3,3,0,0,0,0,0,0,0,2,0,0,0,Construction
2491,0,0,1,3,0,5,2,2,2,0,0,0,0,0,0,0,1,0,0,0,Construction
2492,0,1,11,14,0,32,3,8,3,0,0,0,2,3,0,0,4,0,0,0,Construction
2493,0,1,4,4,0,13,2,2,2,0,0,0,0,1,0,0,2,0,0,0,Construction
2494,2,3,8,13,1,25,11,7,3,0,8,3,4,5,0,0,4,0,8,0,Construction
2495,0,1,4,5,0,15,4,2,2,0,0,0,2,2,0,0,2,0,0,0,Construction
2496,2,3,6,14,1,20,16,3,2,4,0,3,1,4,1,0,2,0,0,0,Construction
2497,2,3,7,16,1,20,19,3,2,4,0,4,2,4,2,0,2,0,0,0,Construction
2498,0,5,3,18,2,26,23,3,2,4,0,7,4,4,3,0,3,0,0,0,Construction
2499,0,3,3,9,1,14,15,3,1,3,1,2,2,2,2,0,4,0,0,1,Construction
2500,2,2,6,17,1,23,17,3,1,4,1,3,1,4,2,0,3,0,0,0,Construction
2501,0,1,5,6,0,11,1,5,3,0,0,0,0,0,0,0,1,0,0,0,Construction
2502,2,3,6,16,1,20,16,3,2,3,1,3,3,4,3,0,2,0,0,0,Construction
2503,0,1,0,7,0,5,3,3,1,0,0,0,0,0,0,0,1,0,0,0,Construction
2504,0,3,6,13,1,18,17,2,2,3,1,4,2,3,3,0,2,0,0,0,Construction
2505,0,0,1,2,0,7,1,3,1,0,0,0,0,0,0,0,2,0,0,0,Construction
2506,2,2,4,13,0,20,13,4,2,4,1,3,1,4,2,0,1,0,0,0,Construction
2507,0,5,3,21,3,32,25,4,2,4,2,10,5,4,4,0,3,0,0,0,Construction
2508,42,153,164,420,0,227,195,118,58,125,177,109,139,37,89,53,40,224,162,228,Construction
2509,0,1,3,7,0,12,1,3,2,0,0,0,1,1,0,0,2,0,0,0,Construction
2510,0,3,5,12,1,24,13,2,2,4,1,3,3,2,3,0,3,0,0,0,Construction
2511,0,1,5,4,0,11,1,1,2,0,0,0,0,1,0,0,1,0,0,0,Construction
2512,0,3,4,13,1,16,14,3,1,2,1,3,2,2,2,0,2,0,0,1,Construction
2513,0,1,3,4,0,9,4,2,2,0,0,0,0,1,0,0,2,0,0,0,Construction
2514,2,2,5,12,0,15,10,5,2,4,1,3,3,2,0,0,2,0,0,0,Construction
2515,0,1,3,5,0,5,1,2,3,0,0,0,0,0,0,0,1,0,0,0,Construction
2516,0,1,5,8,0,20,5,2,2,0,0,0,0,2,0,0,1,0,0,0,Construction
2517,30,100,146,345,1,303,202,92,52,123,158,120,141,19,83,51,34,208,149,479,Construction
2518,0,1,3,5,0,12,1,2,2,0,0,0,0,1,0,0,1,0,0,0,Construction
2519,0,1,5,5,0,10,4,2,3,0,0,0,0,1,0,0,1,0,0,0,Construction
2520,0,2,6,14,1,21,16,3,2,4,0,3,3,3,3,0,2,0,0,0,Construction
2521,96,62,157,290,4,388,222,78,40,121,11,182,111,28,66,46,57,182,10,220,Construction
2522,2,2,8,15,1,20,13,3,3,4,0,4,3,4,3,0,2,0,0,0,Construction
2523,0,1,5,6,0,12,2,3,1,0,0,0,1,1,0,0,1,0,0,0,Construction
2524,0,1,3,6,0,11,2,1,2,0,0,0,0,1,0,1,1,0,0,0,Construction
2525,0,3,4,13,1,15,6,3,1,2,1,3,3,2,3,0,3,0,0,0,Construction
2526,0,1,1,4,0,7,1,3,2,0,0,0,0,0,0,0,1,0,0,0,Construction
2527,28,115,119,173,0,292,189,56,35,94,192,131,81,23,52,39,38,165,171,190,Construction
2528,2,3,7,13,1,20,16,2,3,5,1,3,0,4,2,0,2,0,0,0,Construction
2529,0,1,2,3,0,6,3,3,1,0,0,0,0,0,0,0,1,0,0,0,Construction
2530,0,0,3,5,0,5,2,2,2,0,0,0,1,0,0,0,1,0,0,0,Construction
2531,2,3,4,15,1,23,14,3,2,4,0,3,2,4,2,0,2,0,0,0,Construction
2532,0,1,6,12,1,26,19,6,4,4,0,5,9,4,1,0,1,0,0,2,Construction
2533,2,2,4,15,1,24,15,4,2,4,0,5,1,4,2,0,2,0,0,0,Construction
2534,0,1,6,7,0,25,3,3,3,0,0,0,0,2,0,0,3,0,0,0,Construction
2535,0,0,3,5,0,7,3,2,3,0,0,0,1,0,1,0,2,0,0,0,Construction
2536,0,3,5,15,1,19,18,3,2,4,1,4,2,3,3,0,2,0,0,2,Construction
2537,2,3,5,16,1,24,22,3,1,4,1,3,1,4,2,0,3,0,0,0,Construction
2538,0,2,4,14,1,19,15,3,2,4,1,4,2,3,2,0,2,0,0,0,Construction
2539,0,3,3,13,1,20,14,3,2,5,0,5,4,3,2,0,2,0,0,0,Construction
2540,2,3,5,14,1,21,17,3,2,4,1,5,2,4,2,0,2,0,0,0,Construction
2541,0,3,6,12,1,22,28,2,1,4,1,4,4,2,2,0,3,0,0,0,Construction
2542,2,2,5,14,1,22,16,3,2,4,1,4,1,4,3,0,2,0,0,0,Construction
2543,2,2,6,13,1,20,11,4,2,4,0,3,5,4,2,0,1,0,0,0,Construction
2544,2,2,5,16,1,24,16,3,2,4,0,4,2,4,2,0,2,0,0,0,Construction
2545,0,1,7,9,0,23,3,3,3,0,0,0,0,2,0,0,3,0,0,0,Construction
2546,2,2,4,13,0,18,12,4,1,4,0,4,3,4,2,0,1,0,0,0,Construction
2547,0,1,3,5,0,12,3,5,4,0,0,0,1,0,0,0,1,0,0,0,Construction
2548,0,1,2,6,0,11,2,2,1,0,0,0,1,1,0,0,1,0,0,0,Construction
2549,0,0,2,2,0,6,2,3,2,0,0,0,0,0,0,0,1,0,0,0,Construction
2550,0,0,2,5,0,7,1,3,3,0,0,0,0,0,0,0,1,0,0,0,Construction
2551,0,1,3,5,0,11,2,2,2,0,0,0,0,1,0,0,2,0,0,0,Construction
2552,205,106,165,293,1,218,174,75,67,133,0,114,130,25,65,54,36,361,0,288,Construction
2553,0,1,4,6,0,23,4,3,2,0,0,0,0,2,0,0,3,0,0,0,Construction
2554,0,1,4,7,0,9,4,5,1,0,0,0,0,0,0,0,2,0,0,0,Construction
2555,0,1,6,6,0,11,4,2,3,0,0,1,0,2,0,0,2,0,0,0,Construction
2556,0,1,1,4,0,7,2,3,1,0,0,0,0,0,0,0,1,0,0,0,Construction
2557,2,2,4,17,1,19,12,3,3,4,0,3,3,3,1,0,2,0,0,0,Construction
2558,2,3,6,16,1,17,15,3,2,3,0,3,2,4,3,0,2,0,0,0,Construction
2559,0,2,4,13,1,22,26,4,1,5,1,4,2,2,2,0,3,0,0,0,Construction
2560,2,3,5,13,1,19,15,4,2,4,0,3,2,3,2,0,2,0,0,0,Construction
2561,0,0,3,5,0,12,2,2,2,0,0,0,0,1,0,0,2,0,0,0,Construction
2562,2,3,5,15,1,21,15,3,2,4,0,5,2,4,2,0,2,0,0,0,Construction
2563,0,1,6,5,0,14,3,2,3,0,0,0,1,1,0,0,1,0,0,0,Construction
2564,0,2,8,15,1,31,18,3,2,4,0,4,2,4,3,0,4,0,0,0,Construction
2565,0,2,5,14,1,22,10,2,2,4,1,3,1,3,3,0,3,0,0,0,Construction
2566,0,3,4,11,1,22,15,4,3,4,1,5,3,3,2,0,3,0,0,0,Construction
2567,0,1,3,6,0,11,3,2,2,0,0,0,0,1,0,0,2,0,0,0,Construction
2568,2,2,5,17,1,20,12,4,2,4,0,4,1,5,3,0,2,0,0,0,Construction
2569,0,3,4,10,1,14,14,1,2,6,0,4,2,2,3,0,2,0,0,2,Construction
2570,5,4,2,20,2,25,22,5,2,5,0,7,3,4,3,0,3,0,0,0,Construction
2571,2,3,3,12,0,20,15,3,2,4,0,3,2,4,2,0,2,0,0,0,Construction
2572,0,3,2,14,1,15,12,3,1,3,0,3,2,1,2,0,2,0,0,0,Construction
2573,2,3,4,15,1,21,12,3,2,4,1,4,2,4,3,0,2,0,0,0,Construction
2574,0,2,2,14,1,15,14,3,1,3,0,2,3,2,2,0,2,0,0,1,Construction
2575,0,0,1,2,0,5,2,1,3,0,0,0,1,0,0,0,1,0,0,0,Construction
2576,2,3,5,15,1,20,7,3,2,4,0,4,1,4,3,0,2,0,0,0,Construction
2577,2,3,5,15,1,20,15,3,2,4,0,5,2,4,2,0,2,0,0,0,Construction
2578,0,0,3,5,0,11,1,5,3,0,0,0,0,0,0,0,2,0,0,0,Construction
2579,0,3,5,8,1,17,8,4,1,0,0,3,2,2,0,0,3,0,0,0,Construction
2580,0,3,5,12,1,19,17,3,2,5,1,3,1,3,2,0,3,0,0,0,Construction
2581,0,1,3,5,0,6,1,3,3,0,0,0,0,0,0,0,1,0,0,0,Construction
2582,46,84,172,501,2,464,746,77,83,247,196,558,55,42,130,102,50,204,227,635,Construction
2583,0,3,7,13,1,24,18,2,1,3,0,4,4,3,3,0,3,0,0,0,Construction
2584,2,4,6,15,1,20,14,3,1,3,1,3,4,4,2,0,4,0,0,0,Construction
2585,0,0,0,0,0,0,0,0,0,0,0,0,0,0,0,0,0,0,0,0,Construction
2586,0,1,4,7,0,12,4,2,3,0,0,0,0,1,0,0,1,0,0,0,Construction
2587,1,1,2,3,0,11,3,5,1,0,2,0,3,0,0,0,1,0,1,0,Construction
2588,0,0,2,3,0,6,1,3,2,0,0,0,1,0,0,0,1,0,0,0,Construction
2589,0,1,3,14,0,12,5,1,2,4,1,3,2,1,1,0,2,0,0,0,Construction
2590,0,1,4,5,0,13,3,3,1,0,0,0,1,1,0,0,2,0,0,0,Construction
2591,0,1,4,5,0,12,3,3,1,0,0,0,1,1,0,0,2,0,0,0,Construction
2592,2,2,3,15,1,20,15,4,2,5,1,5,3,4,2,0,2,0,0,0,Construction
2593,0,0,3,2,0,7,3,3,2,0,0,0,0,0,0,0,1,0,0,0,Construction
2594,0,0,1,2,0,6,1,3,2,1,0,0,0,0,0,1,1,0,0,0,Construction
2595,40,159,148,385,0,194,195,112,48,97,200,104,134,13,93,48,38,176,180,217,Construction
2596,0,1,2,5,0,8,3,2,1,0,0,0,1,0,0,0,2,0,0,1,Construction
2597,0,2,6,13,1,16,15,2,1,3,13,3,2,2,2,0,2,0,1,0,Construction
2598,0,0,1,2,0,8,3,3,2,0,0,0,1,1,0,0,1,0,0,0,Construction
2599,8,9,29,45,6,110,42,44,19,19,17,10,22,14,7,4,14,8,13,18,Construction
2600,0,1,9,8,0,21,4,3,1,0,0,0,0,2,0,0,2,0,0,0,Construction
2601,0,0,0,0,0,0,0,0,0,0,0,0,0,0,0,0,0,0,0,0,Construction
2602,0,2,4,14,1,19,15,2,3,4,0,4,2,3,2,0,2,0,0,0,Construction
2603,2,3,6,16,1,23,15,3,2,4,1,5,2,4,2,0,3,0,0,0,Construction
2604,0,1,0,9,0,13,5,8,2,0,0,0,0,0,0,0,1,0,0,0,Construction
2605,0,3,4,14,1,15,18,3,2,4,1,4,3,3,2,0,3,0,0,0,Construction
2606,2,3,5,15,1,20,12,3,2,4,0,3,2,4,3,0,3,0,0,0,Construction
2607,0,0,4,3,0,7,1,2,2,0,0,0,0,0,0,0,1,0,0,0,Construction
2608,0,1,0,4,0,8,2,3,1,0,0,0,0,0,0,0,1,0,0,0,Construction
2609,0,2,6,14,1,17,15,4,2,4,0,3,2,3,3,0,2,0,0,0,Construction
2610,2,2,6,16,0,19,14,3,2,4,0,4,3,4,2,0,2,0,0,0,Construction
2611,0,2,3,13,1,20,16,3,2,4,1,4,2,3,2,0,3,0,0,0,Construction
2612,0,1,8,7,0,22,3,2,2,0,0,0,0,2,1,0,2,0,0,0,Construction
2613,0,1,6,7,0,20,6,3,2,0,0,0,0,2,0,0,1,0,0,0,Construction
2614,30,8,45,210,23,36,198,24,14,68,59,32,39,37,16,31,29,10,65,44,Construction
2615,19,28,64,152,0,137,83,27,27,48,64,55,43,13,23,8,15,101,47,105,Construction
2616,2,3,5,16,1,21,16,4,1,5,1,3,3,5,2,0,3,0,1,0,Construction
2617,2,2,5,14,1,20,13,3,2,3,0,3,3,3,2,0,3,0,0,0,Construction
2618,0,1,4,5,0,12,2,3,1,0,0,0,1,1,0,0,2,0,0,0,Construction
2619,0,1,3,4,0,10,3,3,2,0,0,0,0,1,0,0,1,0,0,0,Construction
2620,0,0,1,2,0,7,1,3,3,0,0,0,1,0,0,0,1,0,0,0,Construction
2621,0,2,5,12,1,22,10,2,2,4,1,4,3,3,2,0,2,0,1,0,Construction
2622,2,3,7,17,1,22,13,4,2,3,0,3,3,4,2,0,3,0,0,0,Construction
2623,0,1,4,11,0,17,13,3,1,2,0,4,4,3,2,0,1,0,0,0,Construction
2624,0,3,4,15,1,21,18,3,2,4,0,5,2,3,2,0,2,0,0,0,Construction
2625,0,1,3,5,0,11,2,2,2,0,0,0,0,1,0,0,1,0,0,0,Construction
2626,0,1,2,3,0,7,1,3,1,0,0,0,1,0,0,0,1,0,0,0,Construction
2627,0,2,3,15,1,21,14,3,2,4,1,4,2,3,2,0,2,0,0,0,Construction
2628,49,108,133,345,1,354,385,84,74,116,120,249,79,54,70,82,139,30,109,215,Construction
2629,0,1,5,6,0,11,2,3,2,0,0,0,1,1,0,0,2,0,0,0,Construction
2630,2,0,24,16,0,82,32,87,8,15,0,2,33,98,21,6,3,8,0,84,Construction
2631,0,4,4,17,2,27,22,3,2,4,2,7,4,4,4,0,3,0,0,0,Construction
2632,0,3,5,14,1,18,16,3,1,3,4,3,2,3,2,0,3,0,4,1,Construction
2633,25,28,78,171,2,178,105,41,37,72,3,78,85,14,39,44,10,153,0,141,Construction
2634,0,1,7,9,0,24,3,3,4,0,0,0,1,2,0,0,3,0,0,0,Construction
2635,2,3,6,15,1,22,16,3,2,4,1,4,4,4,3,0,2,0,0,0,Construction
2636,0,1,7,12,0,17,10,4,2,4,0,1,2,2,1,0,2,0,0,0,Construction
2637,0,2,6,12,0,17,10,3,2,4,0,1,2,2,1,0,2,0,0,0,Construction
2638,0,1,2,15,0,19,13,5,1,4,0,3,2,3,2,0,2,0,0,0,Construction
2639,2,1,2,6,0,10,2,4,2,0,0,0,0,2,0,0,2,0,0,0,Construction
2640,0,2,6,15,1,21,12,4,3,4,1,4,2,3,3,0,3,0,0,0,Construction
2641,0,1,6,9,0,20,3,2,2,0,0,0,0,2,0,0,3,0,0,0,Construction
2642,2,2,4,15,1,19,11,3,2,5,0,3,2,4,3,0,2,0,0,0,Construction
2643,0,3,5,14,0,18,15,3,3,4,0,3,2,3,2,0,1,0,0,0,Construction
2644,0,2,3,8,1,11,8,3,1,0,1,1,1,0,0,0,3,0,1,0,Construction
2645,2,3,6,17,1,23,23,3,1,4,1,3,3,4,2,0,3,0,0,0,Construction
2646,0,1,2,5,0,6,2,2,2,0,0,0,0,0,0,0,1,0,0,0,Construction
2647,0,3,5,13,1,20,15,3,2,2,2,4,4,3,1,0,2,0,1,0,Construction
2648,2,2,6,15,1,21,17,3,2,4,0,5,2,4,2,0,2,0,0,0,Construction
2649,0,1,1,13,1,12,10,4,1,3,1,1,2,0,0,0,2,0,0,0,Construction
2650,0,1,3,4,0,12,3,2,2,0,0,0,1,1,0,0,2,0,0,0,Construction
2651,0,1,5,5,0,14,2,2,1,0,0,0,0,1,0,0,2,0,0,0,Construction
2652,0,0,4,6,0,11,3,4,2,0,0,0,0,1,0,0,1,0,0,0,Construction
2653,0,1,2,11,1,23,13,2,2,4,1,3,3,3,2,0,3,0,0,0,Construction
2654,2,1,2,11,0,18,11,4,1,3,0,4,2,4,3,0,1,0,0,0,Construction
2655,0,1,2,4,0,7,3,3,1,1,0,0,0,0,0,0,2,0,0,0,Construction
2656,20,53,79,148,0,178,122,42,31,61,105,70,69,13,50,35,28,148,97,163,Construction
2657,2,1,5,10,0,15,8,3,2,4,2,1,3,3,1,0,1,0,1,0,Construction
2658,0,1,2,5,0,11,3,2,2,0,0,0,0,1,1,0,2,0,0,0,Construction
2659,39,69,213,260,0,303,183,80,75,104,1,126,108,17,108,52,58,178,0,351,Construction
2660,0,1,4,5,0,10,1,1,3,0,0,0,0,1,0,0,1,0,0,0,Construction
2661,0,0,1,5,0,7,3,3,2,1,0,0,1,0,0,0,1,0,0,0,Construction
2662,196,74,163,229,1,240,174,85,110,139,8,103,103,29,65,35,28,369,2,348,Construction
2663,0,1,3,3,0,12,2,3,2,0,0,0,1,1,0,0,2,0,0,0,Construction
2664,0,3,5,12,1,22,23,3,1,4,1,3,4,2,3,0,3,0,0,0,Construction
2665,0,2,6,12,1,20,17,3,2,4,1,4,1,3,2,0,2,0,0,0,Construction
2666,0,2,4,13,1,16,12,4,2,4,1,4,3,3,2,0,2,0,0,0,Construction
2667,0,2,4,11,1,21,15,3,2,4,1,4,3,3,2,0,2,0,0,0,Construction
2668,0,2,4,5,1,17,9,3,1,1,1,3,3,1,2,0,3,0,0,0,Construction
2669,0,2,6,13,1,21,18,3,2,5,0,5,2,3,0,0,1,0,0,0,Construction
2670,2,2,4,15,1,20,13,3,2,4,0,4,2,4,2,0,2,0,0,0,Construction
2671,0,1,8,8,0,22,3,3,4,0,0,0,2,2,0,0,3,0,0,0,Construction
2672,23,42,205,161,1,208,143,36,43,63,0,74,78,14,58,37,23,148,0,287,Construction
2673,2,2,5,15,1,22,13,4,2,4,1,4,3,4,3,0,3,0,0,0,Construction
2674,0,2,3,13,1,20,17,3,2,4,0,5,2,3,2,0,2,0,0,0,Construction
2675,2,2,4,9,0,13,4,7,3,0,0,0,3,2,0,0,2,0,0,0,Construction
2676,25,76,92,234,0,182,130,90,44,86,115,104,116,12,74,45,28,148,101,198,Construction
2677,20,25,62,196,1,188,128,41,26,56,29,80,48,19,60,26,17,167,27,177,Construction
2678,94,64,149,305,5,403,248,71,46,132,15,205,119,35,70,49,61,199,19,283,Construction
2679,2,3,4,15,1,20,18,3,2,4,1,5,3,3,2,0,3,0,0,1,Construction
2680,0,1,3,14,1,20,16,4,2,3,0,3,2,3,3,0,2,0,0,0,Construction
2681,2,2,4,12,1,19,11,4,3,1,1,3,5,2,1,0,4,0,1,0,Construction
2682,0,1,3,10,0,16,8,2,1,3,0,2,2,3,3,1,3,0,0,0,Construction
2683,0,1,6,9,0,23,3,6,1,0,0,0,1,2,0,0,3,0,0,0,Construction
2684,0,7,6,22,3,24,27,3,1,3,3,9,6,4,2,0,4,0,0,0,Construction
2685,0,1,5,13,1,23,15,2,2,4,0,4,1,3,1,0,3,0,1,0,Construction
2686,0,1,6,9,0,21,3,3,3,0,0,0,0,2,0,0,2,0,0,0,Construction
2687,0,6,9,21,3,30,27,4,1,3,2,9,7,5,0,0,5,0,0,0,Construction
2688,0,2,4,8,1,18,8,2,2,0,0,3,2,2,1,0,2,0,0,0,Construction
2689,2,3,8,23,1,35,18,9,1,5,0,3,4,6,2,0,3,0,0,0,Construction
2690,0,2,6,14,1,19,12,4,2,4,1,4,3,3,3,0,2,0,0,0,Construction
2691,2,3,7,16,1,21,24,3,1,4,1,3,1,4,2,0,4,0,0,0,Construction
2692,2,3,6,15,1,22,16,3,2,4,1,4,4,4,3,0,2,0,0,0,Construction
2693,0,0,1,5,0,7,2,3,3,0,0,0,0,0,1,0,1,0,0,0,Construction
2694,0,1,2,5,0,11,3,5,1,0,0,0,0,0,0,0,1,0,0,0,Construction
2695,0,1,7,9,0,22,3,3,4,0,0,0,1,2,0,0,3,0,0,0,Construction
